77
75
90
85
75
76
72
79
74
77
76
79
80
91
80
91
77
64
65
65
65
85
58
86
86
68
76
75
78
75
82
78
69
87
61
75
88
78
82
76
63
80
69
67
79
74
80
72
82
75
66
67
68
66
67
69
84
82
79
74
77
88
87
80
85
84
83
85
84
82
83
82
81
77
82
80
83
82
84
75
79
81
82
88
81
84
85
69
67
70
65
63
66
63
61
62
60
70
76
81
80
79
85
64
66
70
70
65
75
72
74
70
70
73
66
73
73
75
73
74
72
74
79
75
74
80
76
75
76
75
63
66
75
74
75
77
73
70
76
70
79
81
80
84
78
80
77
70
74
73
67
75
72
74
75
72
74
77
80
69
70
80
80
35
80
75
90
83
82
86
87
82
80
76
77
77
84
85
88
87
92
88
85
90
74
79
76
82
80
86
87
86
85
83
82
79
98
86
83
85
74
75
76
72
73
74
68
75
70
68
69
80
75
72
74
81
75
74
80
80
77
85
77
91
92
87
88
89
89
90
70
77
79
78
76
77
77
79
80
77
69
73
74
78
69
88
87
66
79
74
78
77
82
87
83
86
64
75
66
68
69
80
80
65
65
65
68
68
69
68
78
76
78
83
75
80
77
75
86
88
90
70
77
84
85
91
90
68
75
77
62
77
65
52
70
82
77
76
85
85
84
63
62
71
87
79
86
86
90
70
76
76
57
66
79
85
81
76
60
60
65
86
61
69
80
85
88
61
88
88
85
89
87
62
86
90
72
77
78
78
66
66
57
59
77
65
68
65
59
62
75
74
78
74
86
58
62
77
78
78
74
65
75
76
76
78
64
59
75
62
80
78
70
71
79
78
72
51
74
74
76
75
79
55
63
78
73
67
88
60
65
70
68
70
68
71
67
73
68
65
60
61
60
61
45
55
70
60
77
69
85
84
74
78
85
68
70
69
67
79
71
75
69
70
67
75
77
68
72
70
66
72
58
76
61
89
66
62
49
72
79
65
57
69
70
71
70
65
76
75
69
74
84
67
84
82
83
85
68
84
83
81
80
62
70
76
82
75
72
72
72
82
55
75
69
78
89
78
78
80
92
95
80
79
80
79
79
85
68
69
68
63
78
82
89
69
60
61
50
72
80
75
59
65
73
72
62
62
86
76
83
85
70
78
62
69
75
80
76
75
64
77
88
78
84
77
74
50
45
72
79
70
67
72
68
65
74
78
66
66
66
73
78
69
79
73
74
74
77
74
72
60
74
73
70
65
71
60
68
68
69
73
82
83
71
65
72
76
69
73
74
72
69
62
75
69
80
68
72
79
73
79
70
77
77
84
85
85
84
85
83
79
82
74
64
93
89
80
87
70
70
78
79
80
71
71
80
75
78
79
83
71
84
82
84
73
80
71
60
73
73
73
81
69
78
81
83
67
69
76
75
59
71
76
60
75
64
72
62
68
78
76
78
75
62
75
61
74
80
70
81
77
68
66
72
73
67
74
74
75
76
81
80
78
86
77
66
70
70
72
75
76
75
68
70
73
71
80
82
70
71
70
74
75
77
84
86
72
66
69
69
68
70
64
69
72
74
74
65
80
80
65
66
68
55
60
60
65
65
77
76
77
80
79
75
78
78
79
83
79
78
79
79
70
74
62
77
81
82
82
84
80
88
80
79
75
69
85
85
72
79
87
72
88
79
82
84
73
87
90
88
89
67
66
89
89
88
90
89
90
89
91
93
80
80
75
78
79
82
84
84
85
83
83
83
82
69
70
70
86
88
88
86
88
86
90
87
90
90
85
89
88
92
90
89
87
87
68
69
74
70
70
58
70
70
71
73
77
86
87
86
87
88
85
89
92
73
71
71
86
92
80
69
59
63
77
75
78
67
66
69
78
87
88
81
81
83
83
87
81
88
58
60
75
85
95
92
88
80
83
72
79
60
72
59
68
70
64
69
72
61
75
92
90
87
78
75
81
78
79
80
85
79
83
85
88
74
78
81
67
66
62
63
88
73
73
83
79
79
79
80
68
67
82
83
84
86
69
75
70
70
73
76
91
72
66
67
66
73
79
78
81
80
77
69
67
78
75
82
77
75
76
75
84
95
79
85
65
69
72
72
74
80
74
73
73
81
92
85
80
79
79
80
83
79
70
77
78
84
77
85
79
80
85
85
82
84
86
89
88
90
93
93
87
90
91
87
88
86
95
97
55
61
73
75
60
60
70
65
64
70
70
68
85
74
77
82
80
84
82
79
80
80
64
65
64
71
85
86
70
76
76
77
77
78
81
79
82
86
89
86
88
97
86
70
75
73
75
77
71
78
75
64
74
72
74
63
69
67
69
65
71
72
80
79
55
82
85
78
69
70
67
68
80
75
75
60
78
77
74
71
77
79
80
70
78
78
73
75
77
83
76
70
72
81
85
87
86
86
87
87
87
88
76
76
76
75
75
77
76
80
83
82
83
75
79
76
75
75
80
71
86
87
78
83
86
75
74
70
75
75
76
75
75
77
73
75
74
75
74
77
76
76
68
71
69
66
65
74
76
75
76
81
73
72
71
76
78
77
77
90
72
74
72
81
81
82
83
76
76
78
77
76
92
93
92
91
88
90
89
93
94
89
88
68
70
69
70
69
70
68
67
68
77
77
63
74
75
75
81
69
83
76
79
79
81
74
62
74
89
75
72
67
65
66
83
68
66
65
57
68
55
66
61
68
72
73
70
75
76
79
76
62
75
82
78
78
73
75
78
80
70
70
83
70
76
73
76
66
70
78
79
74
60
60
65
72
90
74
75
75
83
79
62
67
75
85
85
85
85
82
87
82
80
82
84
83
88
89
89
86
86
95
91
87
89
93
91
89
86
92
90
88
92
93
91
92
84
86
85
87
81
85
83
90
88
86
83
90
73
75
94
79
85
76
76
91
80
95
81
83
82
81
84
85
85
84
86
92
81
80
81
85
84
83
87
85
83
83
83
86
84
63
58
58
59
62
56
65
68
65
67
67
66
68
68
67
73
75
69
71
67
75
76
72
75
76
82
78
68
72
70
68
69
71
86
69
68
69
68
70
69
66
73
68
65
69
72
71
75
70
71
74
66
65
66
85
84
68
71
70
68
71
81
84
85
85
88
85
82
80
92
84
74
88
87
87
89
90
80
75
72
69
84
70
69
72
69
70
70
73
71
76
79
77
78
75
82
77
68
73
86
87
81
85
84
86
90
91
80
86
87
74
83
85
87
87
89
88
79
86
80
87
85
97
70
60
63
60
62
63
59
74
72
68
79
77
78
77
77
85
81
85
85
65
68
69
75
74
75
73
70
72
73
78
78
65
60
65
76
85
75
77
75
76
75
74
75
80
73
77
74
90
71
75
75
79
75
80
74
75
75
76
72
73
73
88
77
75
75
76
80
77
77
78
68
70
70
62
63
65
61
69
65
71
80
73
65
61
66
82
68
82
60
83
71
78
77
68
68
68
73
70
72
70
74
80
84
81
78
71
55
75
54
74
79
75
76
78
58
70
69
69
68
72
70
73
77
76
73
73
71
76
79
79
80
75
86
84
82
81
80
82
75
92
65
75
73
76
75
74
75
65
78
73
72
77
69
66
72
68
74
73
75
76
71
69
66
65
72
71
73
74
76
75
77
70
79
74
81
69
70
72
71
71
70
73
73
74
64
59
60
72
51
55
50
72
77
87
86
86
60
67
63
73
90
81
81
79
73
70
84
78
70


