133
140
191
168
119
127
119
130
125
142
132
129
146
150
150
215
137
118
121
137
130
160
103
182
180
121
115
105
130
118
175
155
162
181
140
115
191
134
155
121
101
151
115
106
155
103
155
138
186
135
108
112
119
125
107
113
176
152
162
138
143
205
194
163
155
155
155
155
174
174
155
155
155
154
155
155
155
155
155
150
155
155
155
155
155
174
155
87
83
101
114
80
88
100
122
119
100
124
148
155
155
155
155
120
130
141
135
124
146
139
140
141
138
152
132
147
155
150
155
155
140
155
155
155
155
155
143
142
144
146
112
137
155
155
155
155
155
155
155
140
155
155
155
155
155
155
155
125
152
148
138
155
155
155
155
155
155
155
188
93
99
155
155
53
155
163
193
155
155
168
174
155
155
146
155
155
155
180
174
161
152
190
155
190
156
155
155
155
155
155
190
155
155
155
155
155
200
155
155
190
124
136
147
137
152
155
131
149
146
129
130
155
155
147
155
155
136
139
155
137
155
155
155
261
261
212
220
253
253
267
106
108
124
142
138
136
125
158
142
118
120
118
120
125
115
189
217
104
155
139
155
155
172
200
163
190
108
125
121
120
112
165
106
112
110
108
112
112
112
111
205
140
155
155
155
155
130
127
155
150
150
100
122
130
136
155
150
110
175
105
110
131
102
84
123
165
146
130
165
155
155
119
140
146
187
160
184
184
198
118
117
111
130
91
158
155
130
100
185
180
105
190
148
140
172
165
181
137
181
199
171
185
200
140
181
210
165
118
111
115
116
95
142
85
150
119
130
145
149
96
109
130
115
90
110
150
112
145
135
121
105
105
110
96
125
131
113
106
105
142
135
99
121
131
175
165
130
103
138
112
146
143
158
114
103
115
125
135
248
131
108
151
115
135
132
140
122
121
116
112
103
108
105
112
65
88
118
98
135
108
138
145
96
126
110
124
111
118
115
141
114
131
131
131
130
114
136
149
149
124
139
145
80
127
100
200
109
90
75
155
127
142
65
109
143
132
145
106
137
111
133
120
155
113
130
203
200
200
146
155
175
204
160
137
117
129
148
125
127
128
125
161
120
133
114
142
206
153
139
160
177
200
165
118
119
118
118
143
140
141
136
103
152
146
162
145
75
87
59
107
133
118
65
85
103
118
119
120
150
118
144
140
143
118
112
75
135
143
140
140
95
129
140
125
145
118
111
71
68
93
155
130
130
110
106
78
111
115
83
101
104
107
123
105
127
100
112
132
122
112
126
160
122
105
109
123
108
92
112
129
100
113
120
137
122
119
110
130
114
100
104
109
100
88
109
112
137
106
111
120
115
126
121
123
113
144
163
165
154
154
155
135
134
133
116
216
205
185
235
105
112
124
139
135
134
116
141
151
145
150
145
124
161
155
155
123
126
98
109
108
108
108
142
137
143
143
154
130
131
134
145
100
118
130
103
125
109
125
106
99
126
118
128
112
120
112
99
131
144
112
142
83
104
81
106
134
100
112
116
135
121
146
146
142
168
100
108
125
110
113
121
130
130
81
116
121
112
145
140
106
118
110
126
134
155
168
174
120
109
115
119
112
114
96
112
132
144
140
112
150
150
97
114
91
81
112
112
97
97
143
142
155
155
155
155
155
118
144
155
155
134
137
145
141
162
150
150
162
186
186
200
155
200
155
155
155
140
200
212
138
155
210
143
160
156
186
186
150
144
160
144
144
155
162
217
186
217
217
217
217
217
217
217
183
185
186
171
168
202
202
202
199
205
186
202
201
152
152
152
192
199
199
198
202
202
202
201
199
202
195
196
202
202
202
199
198
201
155
162
145
149
149
127
174
182
182
186
190
205
211
205
205
213
199
211
186
162
149
155
190
221
147
118
90
112
124
108
118
165
121
133
130
152
155
132
132
134
137
140
140
137
120
112
108
137
225
190
170
143
150
140
149
90
101
81
112
117
112
155
130
96
162
150
156
132
176
115
137
124
127
132
129
137
168
175
170
149
180
174
137
145
95
99
217
140
174
180
166
168
155
176
174
170
179
181
186
188
155
143
168
150
143
164
205
155
158
158
125
158
168
157
193
177
159
147
146
168
143
177
177
117
121
129
155
220
91
150
110
78
120
123
109
155
119
125
140
116
180
140
133
117
130
119
131
126
115
115
130
156
145
160
143
149
160
160
142
142
150
207
204
207
205
212
240
240
225
207
210
206
217
217
127
121
143
155
96
146
171
155
113
118
139
125
155
155
155
155
155
188
186
155
155
155
131
131
100
155
189
193
155
155
155
155
155
186
155
155
174
197
196
155
199
190
197
143
154
155
155
155
145
155
137
146
149
155
155
131
137
135
138
134
152
155
155
149
129
129
140
110
103
125
120
95
129
129
129
96
144
149
134
142
150
149
153
121
114
111
103
101
114
131
121
81
105
112
112
160
149
152
175
157
150
155
129
122
107
111
111
120
106
140
155
155
155
107
131
110
102
115
144
92
196
196
111
134
160
89
93
89
96
106
130
124
130
140
106
107
103
113
112
116
110
118
90
96
90
80
56
155
96
112
126
137
91
98
96
114
118
113
118
215
91
110
103
142
156
155
170
124
103
116
117
110
224
232
215
217
186
225
220
233
238
205
220
99
109
127
143
146
149
112
117
128
116
121
91
120
123
118
130
127
143
124
130
130
155
128
100
137
120
146
143
116
101
81
155
140
129
127
123
145
104
140
103
185
110
108
130
126
105
135
100
152
130
175
112
130
109
126
143
158
135
115
142
115
112
113
125
128
140
163
163
121
90
84
130
110
220
124
143
137
196
157
96
99
140
171
177
171
177
167
180
161
152
161
174
174
190
179
191
182
187
205
193
196
204
211
205
193
188
196
193
190
193
193
193
201
161
184
179
188
155
180
174
196
193
190
161
198
140
140
211
155
155
143
155
227
130
251
157
174
159
149
164
175
173
166
180
205
163
165
173
165
165
162
183
177
159
165
169
190
188
110
97
118
104
104
68
79
91
75
89
98
100
101
116
105
140
138
120
137
140
123
130
116
112
127
155
146
137
106
109
93
99
104
112
115
109
115
107
131
137
120
113
127
117
121
119
125
130
106
124
140
115
111
130
160
145
106
155
112
101
121
137
138
134
143
145
155
144
145
160
147
137
158
155
147
175
186
131
125
117
147
155
94
93
103
50
68
130
125
84
103
121
110
124
126
150
126
115
126
173
186
190
191
213
217
233
236
180
189
212
140
190
190
190
219
210
225
159
199
160
205
212
233
118
84
94
90
94
96
78
154
135
91
143
106
120
111
107
144
150
158
155
94
109
120
141
133
130
133
106
96
103
130
124
72
68
78
129
159
119
116
96
124
96
109
103
115
87
124
103
150
85
99
99
124
119
124
106
111
99
112
87
94
114
240
160
167
155
157
185
175
180
195
102
117
127
96
99
106
106
117
119
134
152
146
109
100
121
125
101
143
98
155
127
168
155
111
117
120
129
118
112
143
159
135
151
155
155
113
78
140
76
128
155
132
140
145
65
104
104
104
87
119
117
132
130
138
118
122
114
134
149
146
153
134
165
202
155
155
155
174
137
149
97
127
130
140
130
125
137
86
127
115
111
140
110
91
131
116
147
139
148
166
110
97
95
95
128
116
121
127
142
134
147
113
146
127
155
112
123
125
116
127
142
146
122
117
105
88
98
116
68
80
50
106
122
222
175
180
112
124
124
137
150
155
140
149
149
149
155
140
130


