68.27
74.55
81.08
72.04
62.46
70.49
62.59
68.47
68.25
68.93
69.15
67.26
61.56
0
70.39
0
69.63
0
0
0
0
82.57
0
74.56
0
0
57.43
43.54
0
60.89
0
63.43
0
0
0
0
90.67
0
76.06
64.94
0
63.37
0
0
61.68
42.65
49.15
77.55
0
63.37
0
0
0
0
0
0
0
0
0
50.94
53.85
0
76.6
63.75
81.14
82.09
70
82.45
96.1
70.33
92.49
83.64
64.07
54.46
67.16
56.99
75.86
71.43
73.21
61.11
78.57
80.54
74.47
0
57.97
79.83
70.97
0
0
32.86
58.03
0
0
28.58
56.43
61.07
0
56.98
75.28
71.25
71.6
68.37
89.72
53.87
59.42
60.13
55.81
60.05
66.67
52.38
53.7
47.45
58.65
64.74
49.77
85.07
65.17
62.04
58.33
67.95
64.44
68.54
54.3
71.83
81.51
61.97
59.38
58.07
63.16
60.8
58.58
54.28
61.68
65.01
62.3
78.57
62.22
63.51
80.88
72.87
73.91
85.27
84.23
88.18
83.86
74.58
82.09
46.03
66.41
69.16
66.76
55.05
73.96
69.81
85.97
71.43
90.33
77.94
65.33
0
0
64.41
72.73
0
60
61.98
0
78.95
78.57
80.77
78.43
75.44
81.03
54.56
74.25
71.05
90.53
83.37
84.96
64.38
0
88.64
85.49
81.28
74.7
76.49
77.41
82.45
89.46
83.33
81.82
91.35
88.37
91.55
91.35
70.21
0
72.37
73.51
63.23
49.55
53.49
61.68
50.82
74.67
88.1
55.06
61.22
56.27
73.02
68.48
82.5
89.25
57.14
88.64
85.19
53.15
80.85
61.11
61.83
67.64
65.75
78.95
117.35
0
73.29
81.46
101.85
103.14
107.82
41.7
45.85
68.75
83.73
74.17
74.02
68.46
64.95
62.63
65.33
62.77
61.03
63.28
69.91
48.41
85.11
0
41.69
71.19
60.23
61.38
59.34
75
0
84.21
102.56
45.38
60.22
48.41
50.12
53.72
92.2
41.75
59.54
48.93
45.23
55.89
55.75
55.49
58.33
105.56
62.44
66.58
90.13
65.48
68.66
54.65
51.96
49.12
74.22
88.61
26.18
43.61
67.45
72.85
68.18
57.02
52.78
82.96
39.38
53.47
56.48
39.33
0
62.06
47.84
69.51
74.29
71.7
74.14
80.25
63.07
81.52
84.66
84.07
73.44
82.82
80
92.88
63.42
62.06
54.72
73.61
0
83.05
74.32
74.23
31.94
0
0
45.73
70.91
84.71
80.82
73.17
71.81
70.39
78.64
80
78.57
78.75
0
85
81.91
79.66
93.67
72.33
60.92
51.09
57.06
58.44
0
76.58
0
86.68
54.01
63.03
83.92
67.75
0
47.74
62.7
56.96
0
49.63
86.5
52.46
80.99
76.92
64.41
43.48
44.99
48.8
0
69.2
65.38
55.87
47.9
43.61
74.98
76.92
0
57.32
62.42
77.59
0
53.26
39.11
54.75
56.15
64.81
61.21
68
37.19
43.48
53.53
52.06
57.82
93.33
57.98
47.32
69.14
49.01
60.14
58.26
57.37
50.1
50.52
52.63
46.88
0
53.19
44.9
54.23
0
0
51.24
0
74.34
39.57
0
0
0
67.65
50.52
50.9
51.13
46.36
51.15
63.49
47.22
55.18
62.32
42.79
50.93
55.86
54.67
55.98
85.9
68.47
80.69
83.84
0
48.09
28.64
0
53.85
0
0
51.55
72.23
83.33
0
51.53
55.73
74.81
83.67
60.22
78.66
55.59
53.05
43.02
72.84
37.25
62.76
77.74
100
102.56
55.37
65.12
78.19
92.71
49.32
59.86
57.77
52.3
67.35
63.64
36.07
57.98
47.96
60.03
49.99
56.04
53.65
51.79
91.89
69.84
61.66
66.11
95.24
103.27
0
63.24
65.12
60.9
60.98
0
43.56
45.81
46.61
0
42.3
58.36
70.15
62.98
0
0
0
43.59
74.59
63.2
0
0
36.59
63.46
0
0
0
48.85
68.56
0
0
62.99
0
0
0
0
0
0
0
0
0
0
0
60.84
56.1
0
0
0
66.4
72.07
73.55
0
48.34
0
51.44
56.6
0
0
0
44
66.5
39.32
70.49
0
0
0
66.24
57.39
0
0
65.56
39.33
47.42
62.77
46.02
0
59.62
51.64
27.25
56.89
65.08
56.71
58.21
38.88
53.89
55.4
52.5
49.52
36.65
53.53
27.52
0
47.69
54.59
68.7
46.85
51
64.74
56.99
60.96
62.31
68.03
60
64.1
76.68
77.19
73.91
63.16
61.99
68.67
66.27
76.15
50.95
98.98
82.5
77.53
98.98
47.32
54.26
67.72
62.88
61.25
66.42
53.51
63.15
81.43
68.28
58.01
64.56
63.73
76.13
81.37
72.48
52.75
58.93
0
52.08
51.89
51.3
50.34
82.3
69.79
64.31
61.09
75.64
57.31
56.75
62.89
68.67
26.86
62.12
47.86
38.11
37.59
50.22
62.25
43.87
0
63.39
63.51
66.67
55.43
51.92
53.45
0
74.67
61.06
52.83
69.77
0
31.95
0
45.42
54.95
26.38
52.75
59.68
73.87
58.78
66.41
70.53
62.39
77.19
96.98
51.53
52.52
54.36
54.59
67.29
73.19
51.53
0
51.96
63.52
54.6
70.11
75.53
0
61.28
55.42
70.54
76.28
60.47
83.48
0
58.16
50.4
56.98
61.87
56.66
43.98
0
57.14
63.87
71.13
66.02
50.19
71.43
77.5
0
55.73
0
0
56.71
56.93
0
0
59.83
41.01
65.01
69.06
85.9
68.43
65.01
64.49
65.49
0
89.83
57.48
51.66
54.38
81.13
57.64
75.29
75.38
91.67
102.17
87.91
93.48
75.91
89.46
75
80.25
75.95
81.69
67.59
0
79.93
77.99
111.11
73.64
81.02
68.82
83.5
77.75
51.88
82.45
0
84.13
84.13
0
0
0
0
0
0
0
0
0
0
0
0
0
0
0
0
0
0
0
0
0
0
0
0
0
0
0
0
0
0
0
0
0
0
0
0
0
0
0
0
0
0
0
0
0
0
0
0
0
0
49.87
0
96.68
0
0
0
0
0
0
0
78.38
0
0
0
0
0
0
0
0
0
0
0
0
68.79
45.68
63.46
0
0
0
74.04
0
0
63.54
72.45
63.16
61.92
0
0
0
0
0
48.15
0
0
0
0
68.75
0
0
80.81
0
26.25
0
57.51
61.69
57.02
70.11
75.03
0
0
68.32
69.39
58.82
84.89
50.4
60.71
49.68
50.38
52.4
54.71
78.4
72.73
79.57
86.16
58.19
0
0
0
0
0
0
0
0
91.67
0
0
0
0
0
0
84.93
0
0
0
0
62.83
0
0
0
0
0
0
0
0
0
0
0
0
0
0
0
0
0
0
0
0
0
0
0
66.47
62.81
0
102.77
0
87.23
54.42
0
63.27
66.62
47.74
56.92
64.91
69.89
55.64
62.21
67.9
56.38
62.91
62.33
55.08
63.91
56.48
69.47
61.33
59.86
60.35
57.95
84.66
60.28
61.86
74.32
60
60.45
65.56
66.67
60.5
98.55
92.41
101.5
101.5
87.78
100
103.33
89.46
88.95
83.55
87.82
115.04
0
65.38
65.18
52.63
58.08
0
85.46
92.52
87.45
41.2
64.47
79.52
43.72
68.55
71.74
79.37
89.83
89.48
75.93
63.29
91.15
84.03
74.49
67.09
74.6
39.22
62.39
98.65
103.17
65.1
89.22
84.41
88.94
82.35
67.54
74.81
82
81.07
96.32
98.16
87.18
96.21
104.58
92.3
54.98
75
67.78
67.06
76.72
74.77
72.31
78.79
63.78
82.61
88.73
88.58
74.14
78.61
78.33
79.76
75.68
88.99
83.33
83.67
83.45
60
57.02
0
48.97
43.26
69.43
55.91
0
55.45
69.03
72.23
0
70.13
64.68
77.78
65.91
77.12
64.49
75.95
62.67
59.42
56.27
37.79
0
55.65
74.73
64.38
0
46.88
53.75
52.92
59.09
68.18
70.13
58.49
64.71
62.58
55.38
68.67
65.3
43.81
51.12
55.89
65.55
42.66
76.91
65.16
69.16
55.49
50.38
75.26
49.49
30.42
58.96
69.06
0
64.29
0
52.6
78.18
79.55
0
0
0
0
48.86
74.43
67.43
73.33
80.92
48.41
50.4
0
54.19
55.63
58.78
51.33
0
0
0
0
0
0
64.47
0
52.63
69.77
73.39
0
0
0
57.14
63.16
58.17
63.13
112.12
0
49.53
33.96
60.78
85.63
64.62
75.08
68.24
43.88
61.38
60.01
54.19
105.07
0
0
105.47
0
106.9
90.65
0
0
0
90.91
0
50.08
49.57
44.94
49.9
49.14
49.54
45.09
44.49
46.13
53.29
0
56.95
51.39
53.97
62.05
63.91
69.66
0
59.56
58.3
75.44
45.01
26.22
63.84
63.21
53.1
57.31
58.38
39.09
0
69.26
52.89
37.52
34.76
61.17
81.91
23.05
52.57
42.22
62.3
53.46
45.79
57.37
70.35
46.28
74.97
35.6
84.29
66.67
0
56.59
56.78
47.71
58.32
62.64
69.88
77.67
57.05
70.13
47.43
52.72
58.26
53.96
73.29
73.92
72.6
65.38
59.92
0
0
63.97
39.86
110.94
55.26
74.58
76.19
78.52
68.13
0
0
80.83
76.41
76.55
75.97
77.52
81.82
76.92
72.08
87.45
73.41
75.76
77.61
86.21
81.25
86.36
72.58
85.19
85.4
0
84.13
80
92.59
100.64
84.13
82.14
92.49
85
83.69
0
0
90.67
89.47
90.71
88.64
71.67
85.71
89.58
82.82
80.68
76.92
79.33
76.92
91.64
0
72.6
76.72
104.55
0
90.15
70.87
73.24
76.78
0
0
69.51
88.89
69.75
68.1
92.74
93.02
95.83
75.29
95.4
102.04
82.35
0
0
94.83
92.74
71.15
81.93
75.86
64
77.36
76.02
0
0
46.78
0
52.37
26.21
31.11
0
0
0
0
0
0
19.88
26.37
58.43
39.29
53.54
62.01
63.25
54.07
40.34
46.01
73.41
61.78
0
70.09
0
81.93
39.66
48.45
51.41
0
0
46.24
52.18
56.7
47.65
57.05
43.81
73.67
43.42
64.05
53.99
45.32
59.85
64.71
66.62
68.53
53.6
41.56
68.15
80.76
51.96
50.11
66.69
60.37
81.55
41.65
64.34
52.75
32.81
64.22
67.62
68.93
66.59
69.71
68.18
68.89
67.02
62.86
91.84
60
51.07
64.56
76.59
62.42
95.7
0
51.83
70.53
62.18
53.31
60.77
0
0
42.41
0
0
71.1
69.27
0
43.44
51.16
49.53
52.31
51.69
0
51.24
43.83
48.42
68.49
90.47
81.29
101.04
0
110.36
106.57
102.39
93.75
104.45
105.26
82.51
93.02
103.37
94.56
0
108.31
0
57.74
98.16
72.9
90.62
102.1
0
63.46
0
0
0
0
0
0
76.37
73.28
0
75.1
45.5
64.86
51.08
47.76
0
85.26
66.67
67.95
0
53.92
65.85
81.89
75.67
73.39
76.34
41.69
0
42.37
73.58
63.45
0
0
0
62.5
67.49
63.6
61.19
0
68.62
0
47.64
42.37
60.02
0
68.97
0
0
0
0
0
67.68
62.11
66.74
41.56
51.03
0
56.56
0
0
55.56
95.56
75.86
64.06
62.86
84.31
83.92
85
79.43
77.3
0
61.32
64.13
0
0
50.1
43.93
60.56
65.65
56.06
59.38
57.09
52.93
0
57.59
60.64
30.56
60.19
0
63.63
64.94
69.84
66.01
55.14
59.75
62.5
69.47
62.5
57.02
60.61
75.86
74.29
59.49
0
46.9
54.3
0
60.68
0
63.39
50
64.18
63.41
74.42
0
36.65
36.61
36.82
0
62.2
59.77
74.32
58.99
71.3
54.14
63.57
56.19
71.56
79.06
77.1
77.5
64.19
75.98
86.51
39.11
71.27
68.06
64.46
61.21
0
0
61.45
52.88
67.48
59.6
54.88
61.21
0
51.47
58.14
52.7
67.33
51.04
0
56.16
61.29
61.51
53.84
65.6
60.02
51.41
0
0
0
63.12
58.52
65.69
65.87
0
69.54
67.01
55.81
76.67
66.95
71.43
54.03
57.31
56.96
56.31
52.3
51.32
49.74
65.46
59.69
39.43
0
0
58.18
0
0
0
47.09
52.01
0
0
0
49.32
43.02
52.11
45.72
0
57.42
57.28
63.41
52.55
55.2
80
78.43
72.16


