158
212
573
290
118
153
126
150
125
197
153
150
247
285
247
605
187
122
131
138
143
237
104
444
444
158
93
75
200
122
325
256
227
444
158
115
505
110
276
118
79
237
108
102
217
77
237
197
400
182
103
103
120
132
91
107
503
207
227
200
220
601
518
315
362
414
376
444
552
469
552
335
227
230
261
261
328
344
349
227
335
444
597
469
321
335
306
60
49
92
124
45
74
89
150
143
90
115
201
261
261
300
335
140
170
188
188
168
182
174
171
168
171
215
168
190
242
201
228
255
249
228
313
302
302
322
188
188
188
184
113
189
228
228
282
302
286
282
328
215
308
309
316
315
328
400
362
181
242
228
185
320
282
376
444
322
400
380
285
170
182
356
374
12
321
277
470
322
335
365
404
335
335
197
338
286
414
450
454
360
444
450
431
493
282
400
335
552
500
592
617
552
500
500
552
602
592
523
523
350
141
188
228
215
309
355
187
249
282
282
358
547
381
282
445
547
171
168
255
154
242
338
395
1479
1479
552
592
987
987
1184
155
288
276
255
205
205
165
259
218
185
340
180
150
177
200
455
750
88
400
258
318
318
420
640
400
556
195
292
195
200
275
500
234
403
250
345
420
420
275
145
1000
260
320
469
320
440
310
133
260
250
550
80
135
180
210
310
263
255
420
103
162
180
190
82
135
426
245
190
455
455
426
255
290
245
500
320
580
580
650
170
160
148
360
60
205
260
150
179
580
550
150
430
425
202
345
330
460
330
460
505
385
650
616
370
405
755
425
122
108
108
220
130
450
90
260
280
383
260
385
175
94
210
160
50
190
260
181
303
200
160
190
285
345
67
300
390
355
269
420
395
150
148
295
300
470
425
250
405
255
360
215
215
330
148
150
146
146
214
850
375
287
253
150
142
155
172
163
141
283
215
148
163
148
130
29
54
100
60
160
90
203
380
68
123
190
128
99
108
118
180
99
163
177
148
138
99
178
207
237
154
166
296
64
148
65
640
106
49
29
460
120
178
46
105
188
155
191
90
161
92
163
172
285
150
305
840
707
707
290
370
485
707
425
335
250
180
224
292
280
153
170
425
215
150
260
224
640
205
222
300
645
600
415
110
110
108
118
207
197
222
296
84
289
200
300
294
47
55
22
84
138
128
23
54
84
138
115
115
280
112
168
296
138
137
75
30
162
188
178
178
44
153
265
157
190
130
89
80
61
54
216
158
158
176
102
34
84
99
48
88
88
84
134
89
130
79
115
168
128
94
143
300
108
74
99
136
99
68
123
207
85
113
240
224
132
113
99
148
101
450
74
89
69
50
89
99
180
84
95
123
100
134
123
123
99
212
301
345
222
271
222
182
170
207
160
647
550
350
720
84
118
123
173
178
148
231
202
222
300
300
305
271
444
415
420
123
153
141
158
148
158
197
237
192
201
217
224
160
177
365
252
155
190
310
150
326
190
138
192
365
280
298
280
385
320
385
89
278
220
212
209
63
97
62
99
158
75
100
110
168
118
198
197
182
306
134
148
158
148
118
130
150
130
66
138
141
69
197
217
77
100
87
177
205
305
270
276
248
148
160
250
240
276
80
123
150
217
185
276
240
239
70
128
63
152
316
316
220
239
280
260
306
325
303
340
325
108
167
399
330
165
325
317
200
250
265
296
335
542
542
567
335
592
375
543
271
265
502
500
223
389
450
280
314
290
542
542
250
281
335
296
296
320
320
700
700
700
740
740
750
750
770
770
455
420
375
345
375
492
550
550
575
525
492
492
530
325
350
345
500
550
550
550
560
560
560
570
570
570
520
530
610
640
640
580
580
610
325
350
225
305
360
455
350
370
370
380
385
580
640
640
650
670
580
650
570
250
220
250
650
750
265
123
48
110
133
99
118
255
111
163
165
365
400
197
178
207
212
550
247
600
119
132
100
205
800
490
533
187
250
115
212
45
68
111
208
188
158
503
237
130
542
266
252
178
377
105
165
118
134
156
133
160
264
349
345
247
240
370
220
320
65
100
700
205
320
395
330
325
275
410
330
330
460
460
460
460
260
221
330
280
275
430
630
208
290
245
190
284
345
275
530
434
283
296
235
318
241
395
250
72
118
143
256
700
63
268
197
40
108
123
108
296
118
163
247
132
445
203
158
114
158
108
150
129
110
105
148
236
200
276
163
200
276
276
227
227
227
616
562
641
666
710
618
618
671
617
641
617
904
986
247
120
182
232
182
215
622
604
101
108
154
138
376
302
362
470
451
507
574
470
507
585
470
563
536
577
456
503
518
493
537
604
621
518
362
349
395
563
622
740
591
500
563
161
201
228
275
208
190
328
168
217
221
275
316
382
254
175
201
190
232
328
449
181
187
150
250
94
95
137
145
65
150
134
134
76
189
215
141
215
228
208
228
101
115
112
74
74
107
147
134
60
151
247
276
360
276
261
405
345
276
354
138
141
69
197
197
148
200
171
276
276
331
85
140
122
85
128
240
76
570
592
113
188
480
108
55
55
64
79
252
231
261
335
171
158
87
109
153
281
250
266
109
128
116
145
74
428
67
97
148
148
59
74
70
104
113
108
148
550
72
118
89
237
276
276
276
160
152
129
148
138
730
789
754
760
394
669
602
730
789
542
547
68
82
130
160
168
210
130
130
163
100
103
53
104
130
102
197
134
205
340
165
165
268
130
73
155
600
210
201
136
95
64
268
300
240
240
375
425
96
330
94
425
140
185
300
275
92
140
88
345
200
402
175
175
130
240
303
400
370
185
260
150
150
207
264
220
250
320
325
180
44
35
128
80
600
125
240
163
450
240
60
55
110
296
345
296
321
269
345
247
207
247
296
296
424
330
414
350
395
600
536
460
523
700
612
409
356
469
409
379
493
520
493
493
257
395
350
414
255
405
317
513
473
414
296
552
187
172
881
242
245
177
300
845
400
780
240
305
236
204
261
335
311
316
370
603
434
445
493
271
261
242
380
335
355
395
434
542
493
395
170
225
230
230
24
35
44
38
53
58
87
79
131
90
137
173
118
182
237
115
160
113
187
127
200
182
207
89
97
55
59
74
148
138
106
134
103
197
178
132
109
172
170
106
108
116
235
81
128
150
111
108
130
200
350
95
258
113
73
128
170
180
197
197
220
275
251
226
310
221
170
271
276
227
360
550
150
131
99
197
345
59
58
89
17
97
163
131
87
83
143
102
130
138
197
140
146
153
306
414
374
414
463
572
690
773
591
429
585
168
370
380
434
676
621
797
217
518
300
636
612
789
99
60
70
70
70
89
74
231
210
67
197
137
168
146
135
276
237
305
300
55
108
137
175
162
148
162
93
73
89
167
150
35
30
37
254
296
134
148
67
109
67
94
88
107
80
185
88
1007
47
65
67
123
94
123
106
118
105
118
64
95
183
800
350
320
280
340
406
350
350
390
69
161
134
54
60
74
90
113
113
150
201
197
82
75
115
246
74
202
115
276
138
321
537
108
100
110
148
90
89
168
247
144
197
577
276
235
44
197
44
158
296
139
158
187
50
74
69
73
50
113
99
138
158
168
110
114
110
148
208
197
217
160
325
641
291
256
247
395
174
680
76
138
178
147
138
136
174
60
123
114
114
221
89
75
134
115
188
168
242
414
84
54
55
59
128
94
116
123
178
148
197
110
197
137
261
113
148
147
138
222
308
281
134
108
150
88
104
114
50
70
25
74
114
590
420
420
129
118
163
190
290
250
240
227
227
236
345
395
311
