133
221
476
224
109
152
132
138
122
295
138
138
221
200
221
275
181
137
134
120
159
258
152
347
347
162
96
76
199
129
300
237
135
347
125
105
443
98
295
152
83
221
115
101
199
89
251
173
327
170
101
105
116
138
88
103
443
181
152
210
228
413
391
302
343
317
325
317
516
413
516
331
273
257
258
295
325
302
325
258
310
398
553
354
479
332
280
69
60
114
162
52
84
91
173
153
106
192
295
232
232
300
369
131
177
295
295
173
280
258
148
181
167
199
164
207
258
302
369
413
398
221
465
295
295
332
295
295
295
199
155
181
369
221
428
295
295
310
332
229
465
465
332
332
332
450
361
177
398
384
192
501
295
546
479
361
450
406
200
184
199
420
420
13
258
243
350
332
369
369
406
369
369
177
269
236
295
325
443
273
354
325
406
443
251
369
295
501
384
553
553
501
384
384
501
590
553
553
553
300
236
295
258
369
465
369
295
258
428
325
442
502
546
428
480
502
164
155
220
199
258
269
369
1180
1180
456
470
922
922
1106
224
270
360
217
230
230
210
295
259
210
420
300
150
170
270
445
450
100
400
252
275
275
430
631
390
551
320
288
320
275
300
500
373
417
280
381
460
460
300
270
1000
255
315
439
310
425
271
110
200
186
300
107
165
194
203
219
177
405
400
107
257
160
250
101
160
420
345
285
455
455
420
280
289
345
470
345
556
556
640
255
258
236
500
70
200
260
155
369
560
550
223
424
415
289
350
340
465
359
465
470
385
650
540
365
385
715
475
113
207
207
295
209
500
140
260
355
460
330
450
250
97
215
184
52
250
345
224
323
225
266
245
305
380
69
331
405
383
314
460
400
155
273
262
264
470
420
251
473
258
390
229
229
310
254
203
168
168
221
850
480
262
255
162
155
161
165
170
171
260
235
180
225
178
425
29
50
89
71
133
133
217
340
70
105
129
170
187
151
118
149
187
177
184
272
142
187
295
210
332
280
217
360
180
273
69
600
101
50
29
317
107
171
50
99
197
137
201
100
142
148
170
165
265
180
268
771
650
650
345
395
475
650
420
425
345
171
217
260
260
177
166
420
321
133
265
217
600
220
201
307
600
600
488
199
210
151
210
221
203
221
332
106
350
203
450
360
46
57
20
107
177
117
29
69
148
170
107
107
200
65
184
444
97
130
50
33
170
184
184
184
36
152
163
150
140
121
94
112
94
63
229
127
127
317
106
42
107
97
51
107
107
107
154
94
121
147
92
163
130
148
135
300
105
72
125
173
125
85
125
332
92
105
190
224
133
109
108
140
99
450
81
99
74
62
150
125
177
91
97
148
107
236
125
125
110
229
325
339
236
295
236
295
145
332
162
550
500
330
660
83
177
125
310
295
258
128
173
207
320
320
300
312
380
391
390
116
119
243
283
276
283
346
207
203
204
214
204
159
295
350
266
262
188
373
239
350
250
148
250
383
350
272
350
415
365
415
97
252
152
361
159
44
98
72
108
138
80
96
127
116
221
142
145
118
295
189
142
258
142
221
105
106
140
203
251
127
68
133
152
81
91
89
168
219
273
210
224
250
146
161
253
242
262
93
113
133
163
156
262
153
163
49
135
60
251
365
365
225
242
270
260
268
267
262
333
340
192
295
350
270
258
267
266
220
242
260
516
332
502
502
516
332
516
332
502
443
301
386
472
278
399
420
306
362
290
502
502
242
310
330
295
295
320
320
700
700
700
740
740
750
750
770
770
455
420
375
345
375
492
550
550
575
525
492
492
530
325
350
345
500
550
550
550
560
560
560
570
570
570
520
530
610
640
640
580
580
610
325
350
225
305
360
455
350
370
370
380
385
580
640
640
650
670
580
650
570
250
220
250
650
750
221
127
40
125
152
99
122
225
115
266
210
331
400
220
217
220
232
500
215
398
137
132
96
167
650
282
369
166
200
113
210
59
75
195
384
310
295
461
251
185
501
183
178
126
419
108
148
122
118
129
129
140
260
295
295
283
200
362
239
304
60
85
500
187
325
333
369
274
443
406
354
354
384
384
384
384
267
268
354
312
443
428
481
188
290
289
188
305
369
443
524
361
276
295
253
319
223
333
230
100
155
155
280
448
63
227
347
31
96
119
123
289
151
155
310
114
300
160
148
100
139
99
154
111
100
106
135
217
195
232
166
195
232
232
156
156
156
443
443
500
516
568
455
480
520
575
605
575
723
738
368
130
173
180
177
202
738
738
110
191
184
221
350
302
376
479
442
464
590
516
464
590
516
560
560
560
443
479
516
516
590
737
737
553
383
331
384
479
468
738
479
490
479
169
368
398
441
258
206
354
295
228
376
295
346
390
457
258
368
199
398
457
516
221
325
169
225
87
110
193
170
72
169
170
170
79
221
184
225
207
236
207
236
133
114
199
74
74
107
155
229
133
280
228
260
363
275
262
350
321
311
363
229
131
64
325
325
280
284
168
268
268
270
85
131
127
89
127
210
78
466
481
140
177
434
207
58
55
66
81
246
234
248
257
297
297
94
107
180
259
240
284
188
186
173
235
152
450
66
100
148
134
74
77
74
100
140
192
236
470
86
123
97
173
260
271
289
130
224
236
236
105
738
811
738
575
420
575
561
524
538
553
553
70
87
170
295
177
210
170
170
177
80
97
60
97
119
89
188
140
221
590
142
142
243
122
98
131
542
210
325
153
117
133
243
400
290
310
480
490
119
425
119
490
180
210
420
221
134
170
132
430
220
402
205
155
170
280
323
400
445
210
260
150
155
228
250
321
340
335
350
130
60
51
128
98
415
122
258
151
369
225
81
60
95
280
310
288
273
243
288
229
188
229
258
258
325
232
369
295
325
510
443
457
502
553
516
299
273
325
299
284
339
347
339
339
240
325
295
369
253
398
347
487
502
413
304
553
159
173
940
247
247
184
284
578
380
524
225
369
199
181
206
280
266
273
310
435
443
457
516
214
221
201
310
280
369
406
443
568
516
410
260
295
350
280
41
62
47
42
69
68
87
90
150
90
117
199
124
207
243
121
163
122
332
108
210
214
210
100
94
62
69
79
167
139
118
141
117
192
221
147
192
280
266
109
177
128
243
91
140
136
103
100
133
185
311
72
269
112
96
236
148
148
160
177
199
265
221
221
188
221
266
266
288
229
288
443
136
118
107
192
280
69
64
100
47
120
184
118
162
81
128
91
131
131
171
133
197
198
295
332
350
435
408
505
616
723
656
347
590
162
395
300
347
649
608
730
210
370
320
616
553
627
96
65
67
68
67
99
96
228
228
81
151
137
174
145
137
268
224
290
300
59
110
145
174
138
145
167
80
91
101
184
258
32
22
30
258
300
145
145
66
125
66
96
90
103
104
170
86
752
61
66
66
109
96
109
107
236
107
115
60
98
184
650
330
320
205
350
349
290
290
310
85
258
236
62
76
94
93
114
114
144
207
207
96
85
118
194
96
207
125
295
258
321
495
221
99
119
144
92
92
169
258
150
184
545
258
258
64
207
64
177
258
124
166
181
35
91
99
92
58
114
107
184
166
258
115
122
109
155
207
207
258
166
302
553
280
243
236
375
173
479
83
236
173
184
236
119
173
78
112
125
125
236
105
81
247
114
295
258
369
406
97
74
71
61
229
129
107
112
184
162
236
96
207
118
258
229
251
251
236
369
553
443
236
129
251
144
200
148
75
99
49
70
148
457
391
391
140
130
195
199
220
258
250
236
236
243
369
472
325
