1060
1575
1725
1402
910
1160
1080
1225
1204
1630
1420
1240
1360
950
1410
750
1210
1038
1028
915
1140
995
1420
1585
1585
1470
865
838
1140
1140
1410
1540
1000
1585
735
745
1524
658
1490
1355
820
1410
1020
930
1415
1155
1100
1312
1450
1530
990
1020
1160
1040
905
1012
1942
1256
700
1300
1380
1555
1720
1595
1520
1710
1620
1920
1935
1880
1930
1655
1315
1420
1455
1510
1705
1660
1630
1685
1790
1940
1990
1090
2000
1475
1385
776
800
1105
1143
664
979
1020
1315
1380
1100
1380
1495
1400
1450
1600
1495
1026
1060
1480
1640
1359
1405
1580
1350
1385
1209
1730
1280
1320
1645
1515
1610
1615
1735
1505
1705
1610
1650
1615
1730
1800
1695
1595
1330
1645
1565
1530
1853
1750
1750
1680
1705
1427
1790
1790
1900
2000
1690
2005
1925
1470
1840
1875
1620
1860
1840
2070
1895
2048
1940
1975
1560
1297
1340
1490
1670
350
1375
1300
1020
1405
1520
1570
1625
1545
1690
1165
1655
1460
1655
1655
1660
1385
1111
1605
1590
1637
1431
1795
1653
1870
1730
1930
1940
1850
1785
2005
1850
2255
1250
1965
2090
1000
1545
1625
1660
1885
1850
1940
1700
1795
2185
2180
2230
2380
2190
2185
2304
2380
1250
1245
1385
1470
1375
1495
1660
1995
1978
1618
1418
1888
1990
1838
1473
2233
1576
1823
1618
1714
1532
1683
1665
1829
1955
1842
1337
1497
1610
1636
1500
1145
1983
1751
1858
1885
1699
1880
1745
1995
2000
1818
2240
1635
1743
1814
1844
2527
2218
2635
2740
2650
1804
1822
2270
1889
1779
1948
1653
1726
1931
665
570
530
520
490
540
560
560
572
506
2005
1180
1065
1548
1268
1825
1540
1388
1867
1520
1350
1671
1783
1751
1557
1650
1520
1702
1550
1869
1869
1761
1850
1778
1820
1786
923
1273
1349
1300
2005
1500
1550
1293
1459
1524
1415
1460
1520
1555
1529
1496
1453
1409
1598
1434
1529
1589
1598
1520
1285
1429
1475
1388
1462
1681
1431
1491
1700
1740
1842
1857
1700
1170
1541
1400
775
1600
1719
1355
1583
1538
1655
1459
2422
1690
864
2159
2159
2534
2419
2010
2145
1280
1715
1608
1820
1991
1888
1710
1915
1683
2519
1388
1424
1469
1475
1596
1246
1215
1628
1310
1905
1964
1287
1418
1421
1310
1491
1569
1486
2115
1769
1685
1884
1690
1793
595
815
795
875
1073
1062
1280
1150
840
1083
1030
1387
1240
1070
1350
1337
1070
1310
1530
1650
1595
1424
1655
1480
1948
1747
1370
1500
1120
1430
920
1400
1140
725
630
2100
935
1500
1400
890
1468
1350
1550
1240
1190
1102
1417
1501
1466
1400
1863
1941
1892
1892
1794
1937
1971
2083
1887
1612
1746
1436
1334
2123
2046
1453
1732
1932
2069
1119
1879
1388
1521
1347
1435
1722
1539
1250
1588
1365
1495
1090
1150
1175
1550
1425
1725
1275
1500
1240
1400
1800
705
815
470
1005
1105
939
580
985
1315
1320
1061
995
910
583
1060
1050
630
980
870
500
1110
997
1070
1145
535
1260
980
1120
690
1056
1205
1610
1290
727
1310
1220
1180
1860
1300
715
975
975
761
1165
1165
1075
982
1070
1040
1350
760
1320
950
1365
1190
1050
845
880
1279
1116
1391
960
1350
1874
851
785
810
1275
1080
940
914
1165
980
2631
912
963
775
755
1143
1091
1163
800
860
1316
1091
1378
1306
1333
1398
1278
1468
1468
1317
1386
1317
1464
1208
1779
1417
1385
1538
864
1451
1055
1504
1356
1613
1609
1578
1504
1337
1506
1639
1580
1653
1390
1647
1691
1720
1039
1174
1845
2177
2123
2006
2148
1180
1422
1220
1302
1207
1205
1743
1970
1699
1800
1794
1805
1471
1756
1850
1458
2025
2580
1708
1748
1734
2552
2461
3876
960
1607
1390
1580
1405
760
1180
810
690
1268
745
800
1294
1050
1440
1301
1270
1040
1382
1625
1452
1718
1502
1541
900
1025
1214
1628
1695
1410
820
1100
1170
999
1066
1162
1418
1725
1850
1365
1270
2028
1532
1600
2044
2014
1914
950
965
1145
1310
1315
1924
1260
1260
771
1350
1070
2727
3000
3000
2100
2100
1907
1513
1586
1857
1758
1747
1791
1434
1676
1874
1754
1610
1823
2012
965
864
1234
1884
1567
1665
1730
1705
1665
1745
1710
1967
1775
1880
998
1560
1825
1665
1048
1920
1800
1653
1795
1713
890
847
1000
790
810
1450
1500
1690
1740
1740
1690
1740
1640
1690
1640
1635
1500
1490
1560
1370
1480
1695
1625
1625
1530
1460
1530
1625
1625
1480
1500
1550
1597
1545
1675
1675
1591
1705
1575
1640
1575
1505
1733
1558
1532
1492
1617
1497
1617
1652
1268
1375
1570
1670
1670
2692
1260
1250
1298
1293
800
1841
1755
1778
1778
1755
1780
1755
999
1300
1370
1375
2197
1565
960
1200
650
1133
1095
1060
1040
760
1210
1430
1188
1361
1350
1291
1250
1300
1300
890
1200
930
1202
1152
795
1170
850
770
1247
980
880
1000
1400
760
965
1795
2583
1863
1770
2330
1936
1724
2335
750
745
675
1663
585
1020
755
876
806
756
900
1338
1300
1080
1180
670
1587
1300
1450
950
1100
1500
1112
1400
1680
1810
1365
1875
1870
1680
1730
1887
1887
1780
1780
1500
1346
1680
1750
2205
2109
1335
1180
1450
1350
1700
1560
1860
1925
1975
1990
1323
1940
1300
1417
1333
1730
600
1035
1351
1465
1465
830
720
1350
1865
580
930
980
1120
1600
1230
1574
1978
983
675
1280
1075
970
1075
1035
985
1090
884
1024
1223
1310
1320
1260
995
1285
1280
1270
1350
1350
1306
1434
1313
1428
1358
1419
1138
1120
1062
1628
1724
1825
1450
1345
2475
1100
1220
1340
1460
1329
2735
2855
1040
1395
1370
1365
1555
1470
1635
1785
1730
1760
1840
1735
1840
1870
2450
2550
3775
2345
1615
1645
2345
1885
2120
2270
2270
2050
1595
1395
1506
1695
1550
2110
1320
1300
1735
1390
1595
1760
1780
1540
1325
1775
1735
1690
1785
1580
1710
2380
2455
1595
1735
1850
2030
1945
1785
1455
2105
1087
1030
840
920
1084
1116
685
1098
1220
1280
650
1295
1120
1225
1480
1385
1250
1280
1165
1270
1450
930
930
1110
1110
1725
1110
1805
1240
1350
1410
1360
1470
1410
1400
1540
1560
1450
1355
845
2300
2300
1555
1845
1185
1525
1635
1466
1045
1155
1265
1010
1085
995
810
1779
1762
1236
1338
1806
1525
780
675
940
910
1790
1865
2013
1890
2050
1961
1092
1095
1630
2010
1900
2132
2040
2070
1945
1660
1520
2722
885
1170
1300
1245
870
755
870
1050
1245
1365
1582
1098
950
990
980
1105
1430
1530
1560
1100
1760
1580
1625
1415
1350
1218
1280
1280
1250
1210
1230
1070
1070
1250
1250
915
975
1204
1530
1475
1560
1155
1320
1440
810
865
838
850
875
790
1145
1227
1185
950
1214
1163
1205
930
1075
1108
880
1450
1724
1270
1270
1120
1280
1472
1445
1656
1715
1720
1087
1558
1061
1742
1497
1714
1981
1719
1136
1212
1301
1663
1554
1825
1406
1237
1456
1588
1647
1690
1715
1725
1369
1225
1257
1551
1842
1640
1518
1541
1541
1270
850
585
1080
900
800
1080
1450
1180
1450
1370
935
760
550
1335
1355
1335
1470
1370
1455
1350
960
1450
1375
1395
1425
900
1440
1495
1465
1180
1250
1440
1440
1545
1370
1395
1350
1430
1375
1360
1420
1505
1435
1370
1220
1555
1535
1580
1140
1500
1470
1670
1585
1540
1300
1680
1090
1075
1640
1121
1120
1180
1450
1025
1320
900
1320
1300
1370
1250
1410
1345
1320
1350
1315
1380
2110
2355
2170
1310
1330
1300
1415
1345
1895
1925
1895
1995
1970
2010
1980
1730
1920
2075
600
785
775
750
840
865
1060
920
1320
1015
1060
1345
1135
1340
1770
820
970
905
1950
625
1180
1210
1741
1101
1135
825
880
980
830
1565
1200
1665
1320
1609
1341
1050
1395
1698
1655
1305
1386
1315
1522
1240
1205
1170
980
1055
1200
1050
990
853
1724
1445
1295
1430
1059
1090
1240
1204
1065
1200
1400
1410
975
1375
1450
1297
1407
1252
955
1145
930
1049
980
1430
1600
820
812
943
450
474
1640
1173
1468
1020
1080
1102
1240
1290
1185
1200
1272
1372
1300
1375
1350
1420
1150
1358
1400
1400
2355
1495
1540
850
1470
1320
1450
1500
1585
1595
1120
1295
1350
1700
1450
1300
820
700
975
750
840
900
940
1580
1588
935
1253
1360
1474
1440
1320
1270
1200
1535
1496
670
1150
1309
1573
1370
1420
1360
775
917
1105
1554
1649
590
570
565
1908
1545
1130
1355
855
950
835
1160
920
935
1025
1470
1170
1100
655
975
1030
1060
970
975
1265
1305
1490
1160
845
1043
1735
1070
1130
1060
1040
1060
1078
1060
1100
1100
1086
1885
1360
850
930
1055
940
1393
1165
1007
1405
1658
990
980
1060
980
1141
1278
1575
1550
1613
1825
1869
1429
820
1065
1310
1070
1235
1316
1563
850
1005
1881
1716
1915
870
1439
850
1454
1632
1090
1115
1240
774
1012
1005
870
780
1184
1092
1270
1195
1329
907
1140
860
1249
1318
1336
1351
1077
1285
1600
1515
1508
1541
1515
1155
1100
845
1410
1440
1342
1336
950
1155
870
975
1231
1385
1515
1130
900
1445
1062
1505
1457
2325
2297
996
955
725
725
1155
1145
720
984
1194
1164
1355
800
1298
970
1344
1706
1793
1585
1590
2301
2524
1995
1561
1361
1680
1588
1650
1270
1162
1385
1070
929
1070
1200
1150
1200
1393
1040
1269
1575
975
1545
1450
1429
1711
1544
1834
2343
2102


