1994
1990
2016
1995
1993
1985
1984
1994
1992
2005
1998
1994
2002
1994
2002
1988
1987
1967
1971
1954
1965
2017
1938
2007
2010
1980
1982
1976
1975
1976
2004
2005
1968
2013
1952
1965
2017
1963
2017
2017
1955
2003
1972
1968
1995
2017
2009
1970
1997
2006
1969
1983
1990
1971
1963
1965
2018
1989
1967
1980
1990
2015
2013
1994
2015
2006
2000
2012
2013
2004
2015
2015
2014
1993
2006
1998
2012
2004
2008
1997
2003
2006
2015
1986
2015
2012
2015
1963
1979
1982
1959
1958
1969
1975
1956
1973
1963
2015
2007
2007
2005
2008
2011
1972
1973
2014
2015
1968
2005
2010
2005
1995
1982
2009
1988
1991
2014
1998
2005
2014
2016
1998
2016
2008
2014
2018
2017
2012
2017
2016
1983
1988
2004
1996
2009
2010
1993
1996
2004
1980
2016
2011
2012
2017
2003
2012
2005
1977
2008
2002
1986
2016
1994
2013
2016
1995
2009
1992
2004
2013
2017
2014
2018
1955
1998
1978
1979
2016
2017
2016
2019
2017
2016
1986
2001
1993
2008
2011
2018
2003
2001
2010
2016
2016
1981
1998
1988
2016
2004
2018
2018
2016
2006
2006
2013
2015
2018
2018
2019
1992
2010
2017
2018
2003
2014
2018
2016
2018
2008
2000
2016
2009
2016
2012
2015
2009
1989
2000
2006
2013
2016
2006
2000
2017
2019
1992
1992
2005
2009
2010
1973
2008
1987
2005
2000
2000
1988
2011
2011
2002
1965
1954
1954
2012
1987
2016
2002
1982
2016
2016
2016
2014
2015
2016
2004
2010
1977
2006
1979
1986
1992
2013
2016
2011
1999
2002
2016
2011
2000
1980
2003
2006
2005
2005
2004
2006
2016
1995
2005
1992
2008
2013
2015
2015
2015
2013
2008
1990
1977
2011
1957
1991
2000
1983
1983
2012
1990
1984
2019
2017
2010
1977
1970
1993
2016
1999
2015
2012
2018
1991
2007
2008
1970
1976
2006
2009
2012
2018
2018
2012
1953
2009
1965
1984
1997
1996
2017
1970
2016
2005
2001
2016
2006
1971
1993
2019
1981
2009
2012
2012
1963
1981
1970
1948
2008
1959
1964
1996
1967
1972
2004
1991
2019
2005
2011
1970
1983
2006
2003
2010
1999
2016
2006
2009
2003
2007
2016
1995
2018
2006
2012
2012
2017
2018
2012
2005
2005
1962
2002
2009
2004
2004
2004
1977
1990
1984
1985
1994
2004
1968
2018
2001
2004
2001
1995
2007
1996
1990
2008
2001
1990
1996
1991
1963
1979
1973
1993
1984
1982
1982
1982
1986
2015
2003
2008
2018
2016
2016
2014
2004
2014
2016
2018
2014
2001
2004
2016
2003
2005
2007
1974
2016
2016
2015
1970
2008
1973
1969
1980
2010
1996
1970
1934
1978
1997
1993
1989
1997
1997
1991
1995
2007
2008
1989
2018
2017
2015
2018
1970
2017
2015
2015
2006
1968
1998
2017
1992
2018
2018
1993
2018
2006
1974
1998
2007
1991
2013
2004
1995
1990
2016
1996
1992
2011
2012
2016
2016
2016
2015
2018
2018
1958
2012
2011
2010
2013
1971
1969
1957
2017
2017
1966
1972
1974
2012
2017
1952
1953
1974
1967
2017
2016
1962
1976
1952
1964
2012
2017
2009
2012
1956
2010
2006
2002
1975
1995
2007
1974
1951
1994
1993
1966
1966
2017
1998
1980
2017
2006
1983
2019
2014
2017
1993
1993
1999
2009
1998
2002
1982
2017
1988
1954
1985
1972
2012
1978
2015
1974
2016
2016
1972
1970
1979
1992
1984
1968
1974
1996
1982
2014
1997
1993
1983
1976
2007
2016
2016
1981
1988
2015
2004
2006
2016
2006
2007
2002
2009
2010
2012
2012
2005
2016
2002
2015
1977
2017
2004
1965
1995
2011
2016
2004
2013
2017
2016
2016
1998
2000
2005
2005
2016
1966
2012
2016
2016
1997
2000
2006
2016
2012
2016
2012
1984
1991
1986
1990
1987
1983
2016
2017
2002
2013
2016
2018
1984
2008
1998
2010
1996
2017
1991
2010
1993
2010
2004
2014
1976
2016
2002
2016
1997
1991
1998
1981
1981
2016
1979
1983
2016
1995
2016
2005
2000
1997
2016
2016
1997
2016
2002
2007
1983
1988
2016
1997
2004
2016
2000
1995
2002
2001
2016
2007
1985
1995
2004
1990
2002
2016
1995
2005
2009
2003
2016
1978
1982
1987
1996
1991
2016
1999
2004
1967
1996
2016
1992
2005
2003
2006
2009
2003
2002
2007
2009
2009
2003
2006
2016
2014
2016
2016
2017
2016
2016
1951
1954
1961
2016
2016
2016
2016
2017
2016
2017
2016
2016
2016
1968
1966
1992
1986
2003
1990
1988
1978
1997
2011
2014
1957
2016
2016
2016
2016
1964
1966
2011
2012
2012
2018
2018
2015
2015
2018
2016
1988
1985
1974
1978
1982
1990
2000
2001
1999
1993
1996
1993
1995
1968
1970
1972
2003
2009
2010
2012
2008
2009
2012
2010
2011
2012
2006
2007
2014
2018
2018
2015
2018
201
1968
1969
1981
1970
1972
1986
1966
1968
1968
1971
1970
2001
2006
205
2009
2009
2004
2007
2010
1976
1973
1973
2018
2013
1982
1971
1938
1956
1982
1978
1975
1953
1996
2012
1986
1990
1992
1989
1989
1991
1993
1985
1985
1986
1958
1969
1965
1982
1983
1981
2010
1973
1974
1970
1986
1985
2017
2011
2016
2016
2012
2016
2016
1970
2016
2009
2007
2000
1991
1962
1989
1996
2015
2002
2003
1976
1993
1999
2015
1987
1955
1998
1957
1959
1947
1950
2005
1983
1971
2004
2018
1992
2018
2016
1969
1969
2018
2016
2018
2016
1969
1988
1974
1978
2018
2018
2004
1976
1966
1963
1974
1994
2017
2018
2016
2009
1991
1986
1962
1990
1991
2005
1959
2018
2018
2018
2005
1990
1992
2013
2018
1962
1967
1975
1981
1990
2018
2018
2018
1994
2007
2013
2018
1989
2005
1998
1990
2018
1971
1978
1985
1992
1988
1992
1983
1985
1992
1992
2002
2006
2012
2011
2015
2014
2015
2018
1994
1997
1995
2003
2006
2007
2014
2015
1964
1985
1984
1990
1979
1963
2012
2010
1997
2012
2012
2004
2016
1999
2007
2015
2012
2007
2007
2003
2011
2015
2006
2015
2013
2015
2016
2016
2016
2003
2009
2006
2016
1999
2016
2004
2007
2010
2013
2013
2012
2016
2012
2002
2015
2009
2015
2015
1999
2015
2015
1994
2005
1999
1994
2012
2015
2015
2015
1995
2007
2016
2016
2016
2015
1983
1984
1982
1962
1973
1967
1961
1985
2016
2016
1971
2016
2006
2011
2016
2016
2016
2016
2016
2010
2015
2004
2009
2006
2009
2006
2007
2016
1992
1996
2007
2000
2004
2004
2005
2007
2009
2007
2008
2013
2011
2011
2012
2016
1993
2002
2005
2011
1998
1997
2010
1998
1969
1969
1991
2014
2016
2013
2016
2011
2016
2004
1991
2011
2016
2008
2002
2008
2002
2016
2017
2006
2013
1985
2016
2006
2010
1986
1997
2000
1987
1959
2016
2009
1999
2004
1990
1986
1982
1978
1995
2015
2016
2008
1998
1989
1975
1965
1983
1989
1997
1999
1971
2002
2016
2010
2001
2016
2016
2017
2012
1999
2009
2005
2007
2013
2002
2002
2018
2018
2018
2018
1989
1999
2018
2018
2018
1993
1997
1965
1984
1986
1988
1984
2000
2018
2017
1996
1998
2018
1986
1960
1987
1988
1997
2006
1968
1982
2018
2013
1968
1972
1958
1968
1970
1981
1968
1982
1970
1988
2001
1954
2000
1984
1988
1985
1970
2005
2010
1985
1992
1986
1997
2006
2006
1970
2005
2009
1986
1995
1965
2008
1978
1989
1999
2002
2003
1955
1948
1965
1969
1970
1976
1977
1982
1986
1992
1965
1955
1955
2017
2017
2016
2004
1994
2016
1989
1973
1989
2000
2000
2016
1974
2015
2004
2016
1997
1997
2001
2007
2018
2007
2006
1999
2013
2006
2004
2015
2018
2011
2016
1992
2015
2004
2016
1975
1995
1990
2013
2006
2001
1978
2013
1972
1973
2013
1981
1981
1979
1980
1978
1986
1985
1993
1993
2005
1996
2015
2015
2015
2009
2016
2003
2014
2002
2017
2012
2009
2005
2015
2014
2015
2016
2017
2017
2010
2019
1981
1978
1974
1981
1961
1972
1984
1968
1969
1976
1965
1978
1975
1976
1988
1986
1986
1983
2002
1985
1980
1981
2015
1971
1983
1990
2012
2016
2005
1990
1998
2016
2010
1997
1984
2002
1991
2016
2013
1982
2016
2018
2008
1994
2007
2001
2010
2002
2008
1995
1973
1979
1979
1988
1987
1964
1992
2003
1996
2016
1999
2005
2009
2016
2014
2008
2003
2001
1999
2002
2008
2016
2018
2008
2009
2015
1996
2008
2016
2015
2016
2007
1993
2016
2016
2013
2002
2010
2016
1995
1984
1995
1993
1986
1992
1989
1963
1976
1999
2013
1983
1993
1987
1995
2007
2012
2009
2006
2001
2018
1991
2000
2006
2009
2012
2016
1978
2016
1977
2015
2016
2018
2005
2002
2016
2004
2016
2016
2008
1991
2003
1978
2016
1997
2016
2008
2002
1998
1993
2010
2005
1984
1989
1993
2016
2003
2009
1998
1971
1979
1984
2016
2016
1986
1972
1981
2006
2014
1985
2016
2004
2016
2016
2016
2016
2004
2007
2010
2001
2007
1977
2008
2012
2011
2016
2008
2006
2016
2005
2016
1993
1995
1998
2000
1998
1993
1992
1993
2005
2001
2005
2005
2016
2016
2016
1984
1991
1998
1979
2009
2004
1988
1992
2016
1988
1975
1981
1980
2016
2016
1989
2016
2016
2016
2016
2016
1987
1988
1988
1994
2004
1995
2006
2000
2003
2016
2017
2018
1970
2011
1970
2012
2008
1988
1988
1992
1968
2005
1991
1983
1974
2003
1997
2017
1988
2009
1985
1991
1982
1997
2009
2004
2013
1990
2018
2007
2015
2012
2005
2015
1991
2018
1980
2008
2004
2019
2011
1988
1992
1970
2001
1999
2003
2000
1988
1975
2003
1983
2018
2006
2014
2002
2009
1994
1984
1976
2003
2018
1987
1999
2010
2006
2018
1982
2008
1986
2009
2008
2015
2017
2011
2007
2002
2018
2003
2015
2016
1996
2004
2017
1970
1979
1966
2013
2018
2001
1997
1997
1988
1988
1990
1997
1994
1997
1995
2008
2013
2003
2015
2016
2010
