RQ
40
45
39
38
83
71
47
29
35
35
29
41
45
35
66
70
55
63
91
62
64
66
48
71
52
47
41
65
49
55
41
43
32
58
32
38
31
27
39
31
36
36
43
65
46
90
43
12
17
20
17
69
13
74
70
22
32
20
57
26
64
41
40
74
26
36
80
40
53
31
10
46
13
13
44
21
51
35
83
27
10
10
20
19
10
13
93
41
52
34
45
32
13
42
13
32
17
89
90
92
94
91
96
92
52
80
80
81
82
84
90
72
50
79
19
53
69
80
59
23
39
24
25
47
58
56
56
60
24
67
85
82
68
22
39
87
61
61
64
63
65
73
74
81
73
36
45
45
58
60
54
30
34
50
81
75
81
58
80
39
65
36
59
93
40
49
94
85
66
79
75
76
78
85
70
82
76
64
58
66
63
73
66
73
46
63
68
81
93
78
78
73
15
14
15
16
12
14
39
54
54
38
47
50
77
84
82
28
58
88
80
71
68
69
72
84
83
83
85
84
79
84
78
92
93
85
41
81
88
79
82
42
95
67
85
75
74
78
92
57
63
57
54
60
49
19
63
34
58
76
33
15
16
18
15
26
43
53
54
56
65
23
33
36
49
18
42
38
30
38
38
45
38
48
57
38
52
63
53
44
68
54
57
62
41
43
56
41
15
35
54
50
58
66
54
52
67
31
55
54
62
84
52
50
59
29
42
49
22
75
46
77
74
49
70
45
52
32
36
78
77
11
57
44
78
65
68
69
72
68
65
40
53
55
65
70
76
66
81
74
72
80
46
50
60
68
71
88
91
75
73
64
70
79
94
86
80
69
34
61
67
58
69
76
52
66
59
53
56
82
72
61
74
83
28
39
48
33
47
58
58
99
100
86
91
97
97
98
20
53
49
39
35
31
31
43
46
39
20
16
12
26
28
80
83
13
77
49
63
51
67
67
82
80
17
42
15
24
29
68
40
30
37
52
57
51
34
17
85
43
61
70
45
57
66
33
72
75
85
31
54
56
68
83
82
24
57
26
14
32
32
22
21
44
35
65
69
59
62
33
26
46
73
50
73
69
84
21
39
45
35
15
52
58
38
64
70
78
14
71
34
40
61
58
75
31
75
68
79
85
77
37
65
89
46
25
20
21
21
20
42
12
45
24
23
32
28
44
21
34
38
15
65
36
18
48
36
32
25
47
44
18
32
47
48
21
55
55
34
29
49
49
38
39
58
28
45
67
59
32
21
55
58
21
54
28
49
42
59
55
41
43
27
63
29
43
47
43
52
22
16
33
15
18
66
15
15
19
57
15
16
27
19
31
14
13
27
39
39
89
71
17
17
21
28
35
33
57
33
23
38
21
20
24
20
17
12
12
13
17
20
15
10
11
22
13
36
17
40
79
21
34
45
25
20
25
24
34
22
34
27
28
22
24
36
33
35
45
28
69
14
34
14
86
14
11
15
64
32
25
11
19
33
28
32
12
31
18
31
58
60
37
35
34
43
62
59
54
46
55
36
16
18
26
41
59
43
50
21
16
59
47
66
64
86
76
77
73
58
29
53
58
35
51
75
36
48
45
67
78
62
58
53
31
22
27
44
30
25
32
28
34
34
42
22
38
47
74
37
36
19
29
27
75
51
44
57
14
38
31
53
56
56
15
48
24
30
75
24
42
83
55
36
59
33
48
48
72
86
90
77
61
74
75
78
81
88
86
58
76
75
65
66
62
75
90
93
92
57
30
40
40
53
26
23
32
34
51
46
33
38
51
11
75
73
49
12
13
12
22
38
39
17
16
16
28
11
12
63
40
44
70
49
12
10
34
45
37
35
10
32
73
39
48
29
20
17
20
17
44
30
28
42
17
12
23
33
19
31
34
19
32
17
31
18
49
26
32
21
22
31
28
21
65
31
17
44
54
36
43
45
25
18
13
17
25
22
49
64
69
50
21
39
62
55
28
19
37
30
16
10
61
41
26
28
37
48
73
69
46
45
23
12
17
18
18
24
24
44
16
20
48
21
35
28
21
28
19
48
60
63
52
54
49
36
37
72
46
21
83
90
73
77
77
87
84
79
17
39
19
30
45
26
38
39
28
26
37
41
49
53
50
20
27
69
21
47
79
37
37
60
65
77
76
16
16
30
68
58
33
30
33
37
25
39
27
42
46
64
43
45
60
54
25
25
30
28
57
15
47
30
27
40
16
47
67
11
35
33
26
19
63
71
64
70
66
48
59
13
49
41
35
43
17
31
13
29
28
18
21
25
37
27
41
45
47
57
27
37
47
44
44
29
34
29
13
22
39
19
41
40
16
21
17
31
31
62
56
65
32
15
26
45
48
61
14
19
36
36
35
44
45
48
16
27
19
24
40
40
50
50
64
59
68
59
59
64
68
21
41
67
69
62
55
67
29
96
97
49
41
34
72
86
56
75
71
84
65
88
75
16
23
26
14
57
64
62
90
59
63
58
62
32
35
29
73
77
85
25
34
32
41
52
53
71
73
85
96
36
49
76
46
17
16
22
42
68
48
65
60
68
64
67
71
42
56
91
95
93
94
83
87
87
89
91
91
100
97
95
96
94
74
83
76
79
32
32
94
93
92
95
94
96
95
97
98
65
66
51
52
54
70
81
82
76
74
71
80
76
32
34
33
82
80
92
78
74
88
86
86
91
91
80
88
94
97
95
85
82
91
36
36
38
32
32
48
46
40
50
53
70
84
88
86
88
90
83
90
96
34
31
32
95
97
64
17
10
18
29
21
23
43
20
30
41
82
83
54
48
57
59
90
58
84
12
10
22
95
86
82
46
45
65
30
45
13
17
36
33
67
43
22
29
38
49
54
49
55
39
39
47
43
66
49
47
58
65
36
57
53
60
74
80
60
80
22
76
75
58
87
61
27
34
40
40
39
49
76
50
49
14
43
60
66
55
65
54
29
54
61
35
66
77
83
83
82
73
80
72
72
86
80
62
56
72
82
41
13
15
42
66
56
20
27
10
10
84
37
40
58
52
50
40
67
39
37
59
60
64
68
29
38
38
28
62
74
85
33
27
30
22
58
54
45
71
63
45
43
23
50
38
56
57
24
34
30
63
94
22
63
33
19
26
29
23
63
32
27
51
29
79
42
35
31
34
37
36
31
20
28
26
49
34
51
37
45
51
51
38
40
44
88
90
87
87
91
90
90
91
93
94
92
92
86
89
92
89
88
79
80
77
95
97
96
17
19
36
40
37
21
66
55
18
20
33
25
79
45
59
70
68
68
74
67
68
69
57
59
65
73
76
80
79
63
64
67
68
57
60
57
64
80
84
82
82
90
78
32
57
65
61
70
38
71
38
29
48
56
51
55
52
48
55
21
54
52
65
42
20
41
79
23
18
31
22
17
35
38
35
14
44
45
34
62
47
47
52
24
38
46
19
20
26
40
25
20
41
57
63
79
75
65
86
76
69
79
30
27
19
45
45
49
54
40
49
46
55
19
43
24
27
20
49
17
89
92
39
53
88
22
16
16
16
19
56
60
52
61
44
18
27
42
39
55
54
55
27
30
26
31
24
65
20
21
30
37
16
17
16
28
26
48
36
83
21
23
25
61
60
62
73
39
38
47
47
49
88
94
92
91
77
88
86
95
97
83
84
16
13
17
17
13
18
24
13
22
37
33
39
70
18
26
25
26
24
28
12
25
30
24
57
87
92
28
31
40
83
42
66
50
41
97
66
89
72
33
65
34
55
86
29
10
16
29
44
93
28
29
73
21
16
48
99
96
77
26
77
89
13
17
91
92
89
49
47
45
53
73
31
28
23
31
37
15
31
22
46
17
27
30
39
24
35
36
13
35
63
28
36
27
43
47
60
32
25
51
21
29
13
63
24
34
55
51
36
11
11
26
20
90
32
38
30
86
44
13
14
38
62
71
62
56
63
67
53
59
62
68
58
74
76
65
75
69
92
82
75
81
86
93
67
74
85
72
76
86
88
80
82
62
71
78
86
57
65
82
80
87
90
60
93
39
47
100
45
63
42
41
93
87
95
45
64
42
48
58
69
67
63
73
86
80
76
89
50
59
60
71
69
81
83
88
86
91
58
36
32
42
43
72
11
12
13
13
13
13
15
15
21
15
31
37
20
35
29
30
40
28
48
40
64
42
29
24
15
15
19
15
55
15
14
18
17
31
36
19
34
36
25
19
23
19
36
33
16
27
17
15
49
49
67
18
37
14
18
24
42
45
46
50
49
52
40
45
73
48
28
59
51
55
80
91
40
30
26
36
74
16
17
26
16
29
26
27
19
100
98
19
33
25
27
26
44
31
22
31
60
75
64
72
79
87
88
91
80
73
90
55
70
71
77
95
88
97
48
81
56
93
88
96
20
14
15
18
18
22
19
75
74
72
72
81
66
68
79
80
67
75
75
40
50
29
43
44
45
45
47
69
64
69
71
28
23
31
44
45
44
49
23
23
31
47
44
15
13
15
55
74
44
42
18
24
18
26
47
37
40
54
16
99
16
18
18
31
48
38
45
43
36
45
16
39
48
16
25
27
47
60
57
86
58
56
13
78
51
52
54
57
68
52
67
23
39
63
35
62
79
65
35
81
16
15
31
46
28
12
13
14
13
18
17
30
48
56
37
33
15
15
22
38
17
23
45
21
74
56
29
53
20
23
43
59
66
63
32
21
51
20
32
57
22
18
49
34
61
30
24
80
31
31
23
32
51
27
13
25
38
20
18
32
43
48
57
73
72
42
11
42
11
34
71
26
29
42
21
18
14
16
16
21
23
36
35
41
22
26
22
36
43
47
50
29
63
80
67
74
60
85
35
98
14
35
29
30
36
33
34
12
41
23
18
45
15
21
15
26
33
39
72
47
15
15
14
29
20
22
25
29
33
39
44
20
40
28
48
15
22
45
49
58
49
65
24
22
11
13
15
28
10
10
12
19
28
83
77
86
13
18
18
16
23
25
27
49
65
44
38
30
15
78
43
23
41
34
18
84
65
60
73
70
44
68
39
74
76
57
52
70
75
64
72
52




