power
158
212
573
290
118
153
126
150
125
197
153
150
247
285
247
605
187
122
131
138
143
237
104
444
444
158
93
75
200
122
325
256
227
444
158
115
505
110
276
118
79
237
108
102
217
77
237
197
400
182
103
103
120
132
91
107
503
207
227
111
300
245
300
310
320
475
235
600
585
97
435
430
600
250
240
314
282
282
335
435
414
440
450
282
510
715
715
510
280
190
750
470
470
550
460
520
510
510
600
510
315
349
390
380
400
550
305
349
432
595
565
595
550
503
330
490
330
490
820
200
220
601
518
315
362
376
414
444
552
469
552
335
227
230
261
261
328
344
349
227
335
444
597
469
321
335
306
60
49
92
124
45
74
350
500
500
385
450
500
429
542
600
300
530
700
626
552
552
552
567
626
626
626
626
626
616
542
521
600
600
572
385
621
700
621
621
420
1340
500
626
521
626
626
623
505
530
505
505
530
505
215
530
298
505
521
300
89
150
143
90
115
201
261
261
300
335
140
170
188
188
168
182
174
171
168
171
215
168
190
242
201
228
255
249
228
313
302
302
322
188
188
188
184
113
189
228
228
282
302
286
282
328
215
309
308
316
315
328
362
400
181
228
242
185
320
282
376
444
322
400
380
285
170
182
356
374
12
321
277
470
322
335
365
404
335
335
197
286
338
414
450
454
360
444
450
431
493
282
335
400
500
552
592
617
500
552
500
552
602
592
523
523
350
141
188
228
215
309
355
187
249
282
282
358
547
381
282
445
547
171
168
255
154
242
338
395
1479
1479
552
592
987
987
1184
155
288
276
255
205
205
165
259
218
185
340
180
150
177
200
455
750
88
400
258
318
318
420
400
640
556
195
292
195
200
275
500
234
250
345
403
420
420
275
145
1000
260
320
469
320
440
310
133
260
250
550
80
135
180
210
310
263
255
420
103
162
180
190
82
135
426
245
190
455
455
426
290
255
245
500
320
580
580
650
170
160
148
360
60
205
260
150
179
550
580
150
430
425
202
345
330
460
330
460
385
505
650
616
370
405
755
425
122
108
108
220
130
450
90
260
280
383
260
385
175
94
210
160
50
190
260
181
303
200
160
190
285
345
67
300
390
355
269
420
395
150
148
295
300
470
425
250
405
255
360
215
215
330
148
150
146
146
214
850
375
287
253
150
155
142
172
163
141
148
148
163
215
283
130
29
54
100
60
160
90
203
380
68
123
190
128
99
108
118
180
99
163
177
148
138
99
178
207
237
154
166
296
64
148
65
640
106
49
29
460
120
178
46
105
188
155
191
90
161
92
163
172
285
150
305
840
707
707
290
370
485
707
425
335
250
180
224
292
280
153
170
425
215
150
260
224
640
205
222
300
645
600
415
110
110
108
118
207
200
197
222
296
84
289
300
294
47
55
22
84
138
128
23
54
84
138
115
115
280
112
168
296
137
75
30
162
188
178
178
44
153
265
138
157
190
130
89
61
80
54
216
158
158
176
102
34
84
99
48
88
88
84
134
89
130
79
115
168
128
94
143
300
108
74
99
136
99
68
123
207
85
113
240
224
132
113
99
148
101
450
50
69
89
74
89
99
180
84
95
100
134
123
123
123
99
212
301
345
222
271
222
182
170
207
160
550
647
350
720
84
118
123
173
178
148
231
202
222
300
300
305
271
444
415
420
123
153
141
148
158
158
197
237
192
201
217
224
160
177
365
252
155
190
310
150
326
190
138
192
365
280
298
280
385
320
385
89
278
220
212
209
63
97
62
99
158
75
100
110
168
118
182
197
198
306
134
148
158
148
118
130
150
130
66
138
141
69
197
217
77
100
87
177
205
305
270
276
248
148
160
240
250
276
80
123
150
217
185
276
240
239
70
128
63
152
316
316
220
239
280
260
306
325
303
340
325
108
167
399
330
165
325
317
200
778
890
250
148
265
296
542
335
575
542
542
296
567
395
210
220
260
102
390
296
335
592
375
543
271
380
265
285
253
502
500
680
245
223
253
321
370
389
542
567
450
750
280
314
500
385
160
190
210
290
510
390
503
390
523
450
542
542
250
231
281
335
296
296
320
320
700
700
700
740
740
750
750
770
770
455
420
375
345
375
492
550
550
575
525
492
492
530
325
350
345
500
550
560
550
550
560
560
570
570
570
520
530
610
640
640
580
580
610
325
350
225
305
360
455
350
370
370
380
385
580
640
640
650
670
580
650
570
250
220
250
650
750
265
123
48
110
133
99
118
255
111
163
165
365
400
197
178
207
212
550
247
600
119
132
100
800
490
533
205
187
250
115
212
45
68
118
111
399
208
111
135
188
237
296
188
249
115
158
282
225
503
237
188
237
286
130
398
390
339
542
575
237
542
55
266
252
178
430
377
160
105
165
118
134
156
243
133
136
71
160
264
349
210
350
205
105
197
222
126
276
400
430
430
438
345
410
264
257
430
345
192
187
257
360
165
105
36
247
240
370
220
320
65
100
700
205
320
395
330
325
275
410
330
330
460
460
460
460
260
221
330
280
275
430
630
208
290
245
190
284
345
275
530
434
283
296
235
318
241
395
250
72
118
143
256
700
63
268
197
40
108
123
108
296
118
163
247
132
445
203
114
108
158
158
150
129
110
105
148
236
200
276
163
200
276
276
227
227
227
616
493
562
562
592
592
641
493
666
710
505
710
618
618
600
671
612
617
641
617
904
986
789
247
120
182
232
182
215
622
604
101
108
154
138
376
302
362
451
470
507
574
470
507
585
470
563
536
577
456
503
518
493
537
604
621
518
362
349
395
563
622
740
591
500
563
161
201
228
275
208
190
328
168
217
221
275
316
382
254
175
201
190
232
328
449
181
187
150
250
94
95
137
145
65
150
134
134
76
189
215
141
215
228
208
228
101
115
112
74
74
107
147
134
60
151
247
276
360
276
261
405
345
276
354
138
141
69
197
197
148
200
171
276
276
331
85
140
85
122
128
240
76
570
592
113
188
480
108
55
55
64
79
231
252
261
335
171
87
109
158
153
250
266
281
109
145
128
116
74
428
67
97
148
148
70
74
59
104
113
148
108
550
72
89
118
237
276
276
276
160
152
138
148
129
720
789
754
760
394
669
602
730
789
542
547
68
82
130
160
168
210
130
130
163
100
103
53
104
130
102
197
134
205
340
165
165
268
130
73
155
600
210
201
136
95
64
268
300
240
240
375
425
96
330
94
425
140
185
300
275
92
140
345
88
200
402
175
175
130
240
303
400
370
185
260
150
150
207
264
220
250
320
325
180
35
44
128
80
600
125
240
163
450
240
60
55
110
296
345
296
269
321
345
247
207
247
296
296
424
330
350
414
395
600
536
460
523
612
700
356
409
469
379
409
493
520
493
493
257
350
395
414
255
317
405
414
473
513
296
552
187
172
881
242
245
177
300
845
400
780
240
305
204
236
261
335
311
316
370
603
434
445
493
242
261
271
380
335
355
395
434
493
542
395
170
225
230
230
24
35
44
38
53
58
87
79
131
90
137
173
118
182
237
115
160
113
187
127
200
182
207
89
55
59
97
74
148
106
103
138
134
197
178
132
109
170
172
106
116
108
235
150
81
128
111
108
130
200
350
95
258
73
113
128
170
180
197
197
220
275
226
251
310
221
170
271
276
227
360
550
150
131
99
197
345
58
59
89
17
97
163
131
87
83
143
102
130
138
197
140
146
153
306
414
374
414
463
572
690
773
591
429
585
168
370
380
434
676
621
797
217
518
300
636
612
789
99
60
70
70
70
89
74
231
210
67
197
137
135
146
168
276
237
300
305
55
108
137
162
162
148
175
93
73
89
167
150
30
37
35
254
296
134
148
67
109
67
94
88
107
80
185
88
1007
47
65
67
123
94
123
106
118
105
118
64
95
183
84
145
138
275
320
320
800
350
320
83
500
271
280
271
340
406
240
350
142
230
350
197
350
450
390
200
585
88
69
147
161
134
54
60
74
90
113
113
150
276
201
204
197
82
75
115
246
74
81
202
104
476
230
115
276
131
138
197
321
321
537
108
100
185
190
142
230
227
102
260
145
300
192
105
400
144
144
110
178
296
148
95
175
207
90
89
168
247
144
197
577
276
235
44
197
44
158
296
139
158
187
50
74
50
73
69
99
113
138
158
168
110
110
114
148
197
208
217
160
325
641
256
291
247
395
174
680
76
178
138
138
147
136
174
60
123
114
114
221
75
115
89
134
168
188
414
242
59
55
54
128
84
94
116
123
148
178
197
110
197
137
261
113
148
138
147
308
222
281
134
108
88
104
150
114
25
50
70
74
114
590
420
420
129
118
163
190
290
250
240
227
227
236
345
395
311
