level
35
36
94
59
31
37
31
36
26
39
30
36
43
65
42
91
45
12
18
20
17
69
13
71
71
22
32
20
56
26
64
42
40
75
26
32
80
40
53
31
10
41
14
13
44
20
56
35
81
27
10
11
20
19
11
13
94
41
52
52
81
80
82
84
85
91
73
50
79
18
52
74
81
59
23
39
24
25
47
58
56
56
57
24
68
85
83
69
21
39
86
61
61
63
63
65
74
74
83
74
36
45
45
58
60
53
30
34
50
82
76
82
58
81
39
65
36
58
92
40
48
95
86
66
85
75
77
79
86
71
84
77
64
57
65
63
74
66
73
46
63
68
87
93
82
86
79
15
16
13
15
14
12
39
53
54
38
47
50
78
86
84
27
58
87
81
71
68
69
74
85
84
83
85
85
79
85
74
93
94
85
41
84
87
78
83
43
92
68
85
76
75
79
91
57
63
57
53
59
49
19
63
34
58
76
33
15
16
18
15
25
43
52
54
52
70
22
33
36
48
19
42
37
30
38
38
45
38
48
57
38
51
63
52
44
68
54
57
62
41
43
55
41
15
34
54
50
58
66
53
51
67
31
55
54
62
85
51
50
59
29
42
49
22
72
46
78
75
49
71
45
52
32
36
79
78
11
57
44
82
65
69
70
73
69
65
41
53
55
70
76
77
66
83
75
77
81
46
50
60
68
76
92
96
71
78
64
75
79
96
87
81
70
33
62
68
58
70
75
51
66
59
53
56
83
73
61
77
84
28
39
48
33
47
58
58
99
100
87
92
98
98
99
20
52
49
36
35
30
31
43
46
38
27
26
27
26
27
81
85
12
78
48
62
50
67
67
84
82
16
42
15
24
29
68
45
30
35
51
57
50
34
17
87
43
61
70
41
56
66
33
72
76
87
31
53
56
69
84
78
24
56
25
17
32
30
22
21
44
43
65
68
59
62
33
26
42
74
50
74
70
86
21
37
44
30
15
52
58
39
64
70
78
16
72
34
40
57
57
76
31
76
65
76
82
78
32
65
90
46
25
20
21
27
20
42
13
45
31
27
32
28
43
21
35
38
15
65
36
20
48
37
30
25
43
44
17
32
46
48
20
61
55
34
29
44
46
65
59
32
21
28
59
43
41
51
16
13
27
30
25
91
28
26
32
23
21
20
24
20
17
12
12
13
17
20
15
10
11
22
13
33
16
49
79
20
34
45
24
20
25
23
34
22
34
27
28
22
24
36
33
34
45
28
69
14
34
14
83
14
11
14
64
31
25
11
19
33
28
31
12
31
18
24
42
53
21
52
87
76
78
34
55
68
77
54
31
28
33
45
46
36
21
26
56
14
31
56
43
85
52
36
59
86
92
59
26
23
31
34
51
46
33
37
50
11
75
74
49
60
12
13
12
21
40
38
44
65
37
16
16
13
10
16
25
38
49
41
39
10
11
12
48
29
20
30
20
16
44
30
28
41
31
74
17
12
23
32
19
30
33
19
31
16
31
17
48
40
26
48
32
21
22
31
28
20
65
17
25
17
13
21
49
20
39
62
54
28
19
39
30
16
70
12
16
18
18
24
19
44
17
21
21
34
27
21
28
19
48
59
62
52
54
48
37
37
45
21
81
92
66
88
17
38
26
38
39
27
26
38
41
47
52
54
26
74
65
68
30
33
24
39
25
42
48
64
42
45
59
54
24
24
52
47
15
47
68
11
35
32
26
14
61
70
64
68
67
47
57
13
48
41
34
44
17
30
13
29
28
19
21
27
37
27
41
45
47
63
26
36
46
43
43
27
31
27
13
22
39
19
41
40
16
21
17
31
30
62
55
65
32
15
21
44
47
61
14
19
32
36
35
44
46
46
15
26
18
23
40
40
50
50
64
58
68
59
59
64
69
21
41
73
69
62
54
68
28
96
97
49
40
30
73
88
55
75
73
85
66
89
76
16
23
26
14
56
64
61
90
59
63
58
63
32
35
29
74
77
87
25
33
32
41
53
54
73
73
87
97
32
48
73
47
17
16
21
42
69
49
65
59
69
61
68
72
42
55
73
82
75
76
32
31
96
95
94
96
96
97
96
98
99
65
66
51
52
54
71
82
83
77
75
72
81
77
32
34
33
83
80
93
79
75
89
87
87
92
92
80
89
95
98
97
86
84
92
36
36
38
32
31
47
46
40
50
53
67
86
89
87
89
92
84
91
97
34
31
32
96
98
61
18
10
18
29
21
23
43
20
29
41
83
85
54
48
56
59
89
57
85
12
10
22
96
88
84
47
45
65
30
45
13
17
46
42
66
29
30
66
42
21
28
38
49
56
48
56
51
46
58
66
39
37
35
57
19
53
57
76
80
60
80
77
76
58
89
61
27
30
40
41
39
49
77
50
49
14
43
60
66
55
65
54
29
54
61
35
66
78
84
82
84
74
81
73
73
88
80
62
56
73
79
42
14
15
42
66
55
20
27
10
10
85
37
41
58
51
50
40
67
38
37
58
60
64
68
28
38
38
28
62
75
87
33
26
30
22
58
54
45
71
62
45
43
23
50
38
56
57
23
34
29
62
96
21
62
31
16
26
27
21
56
31
26
51
29
77
42
35
30
34
37
36
31
22
27
27
49
34
51
37
41
51
51
38
40
44
90
94
89
88
93
92
92
94
94
95
94
93
87
89
93
90
89
97
99
96
79
82
78
17
19
36
41
36
21
66
55
18
20
33
25
79
32
57
65
61
45
59
70
74
70
38
69
67
72
38
29
48
56
50
67
69
70
54
56
58
65
51
47
55
74
78
82
72
21
54
52
63
64
67
66
65
57
60
42
57
64
81
86
83
84
92
79
20
41
78
23
17
31
20
17
35
38
34
14
44
45
34
62
47
47
51
24
37
46
19
20
26
40
25
20
40
57
62
79
76
65
87
76
69
79
30
27
19
44
44
49
54
40
20
49
49
46
55
19
43
24
26
16
90
93
38
52
89
21
15
15
16
19
56
60
52
61
43
18
26
43
37
55
54
54
26
30
25
30
23
66
20
21
30
38
15
16
15
28
26
47
35
84
21
21
22
61
60
62
67
39
37
46
46
48
91
95
93
92
78
88
86
96
97
83
84
16
17
24
37
33
39
26
24
26
24
28
12
25
30
24
57
28
50
73
33
34
55
28
15
29
87
28
32
21
16
17
53
37
35
30
29
40
13
39
20
46
17
26
41
39
22
35
36
13
35
71
28
37
25
43
47
59
36
25
51
21
29
17
63
24
33
55
51
36
11
11
23
20
91
28
38
30
82
44
13
14
38
62
72
62
56
63
67
53
59
60
68
58
75
73
66
76
69
93
84
76
82
88
95
67
75
87
73
77
88
90
82
84
62
72
79
88
57
65
82
81
88
91
60
94
36
46
100
45
63
42
41
95
87
96
45
64
42
48
58
70
68
62
74
86
81
78
89
50
58
60
72
70
82
86
89
80
89
58
35
31
41
42
11
12
13
13
13
13
14
15
21
14
31
36
20
35
36
30
41
28
41
59
49
29
24
14
15
19
15
42
44
46
50
48
52
40
45
55
14
14
18
17
30
36
19
42
33
35
24
19
23
19
70
36
33
15
48
27
28
59
51
55
79
93
16
15
49
47
68
18
37
14
17
23
40
36
75
15
17
25
30
26
16
29
26
30
18
19
33
25
27
26
44
31
22
31
60
76
64
78
78
88
89
92
81
79
91
55
70
72
78
94
88
97
48
84
55
94
89
95
20
14
15
18
17
22
18
40
50
29
43
43
43
44
46
69
64
69
71
27
22
31
43
45
43
49
23
23
30
46
44
13
13
15
55
75
44
41
18
24
18
26
46
37
40
54
16
99
16
18
17
31
48
38
45
42
36
44
15
38
47
16
25
27
48
61
58
88
57
56
13
79
51
52
53
56
69
53
68
23
39
63
36
62
78
65
35
82
16
15
51
31
20
45
33
28
12
13
14
13
18
17
30
47
55
38
32
15
14
22
38
16
24
57
45
22
20
72
53
28
18
44
34
62
52
20
23
30
43
60
66
24
81
63
31
32
23
31
31
21
51
13
24
39
20
18
32
27
43
48
57
74
73
41
11
42
11
33
71
26
29
42
20
18
14
16
16
21
23
35
35
41
22
26
22
36
43
47
50
29
59
80
67
74
60
84
35
98
14
35
29
30
36
33
34
12
41
22
17
45
14
21
14
26
33
39
73
47
14
15
14
28
20
22
25
29
33
39
44
21
40
28
48
15
22
44
49
57
49
66
24
22
11
12
15
27
10
10
12
18
28
85
78
87
18
25
26
49
65
44
39
44
41
33
75
73
51

