speed
133
140
191
168
119
127
119
130
125
142
132
129
153
150
150
215
137
118
121
137
130
160
103
182
180
121
115
105
130
118
175
155
162
181
140
115
191
134
155
121
101
151
115
106
155
103
155
138
186
135
108
112
119
125
107
113
176
152
162
130
150
150
155
155
162
168
125
191
180
106
185
190
200
170
141
153
142
142
157
188
185
190
186
141
174
211
211
188
143
140
220
188
188
190
196
199
190
190
200
190
155
160
174
174
177
180
150
160
186
201
197
201
186
195
157
186
155
186
205
138
143
205
194
163
155
155
155
155
174
174
155
155
155
154
155
155
155
155
155
150
155
155
155
155
155
174
155
87
114
83
101
88
80
149
179
179
155
168
179
168
180
187
130
184
209
205
199
198
198
198
207
207
207
207
207
206
198
192
183
183
170
151
204
209
202
202
168
186
183
207
190
200
202
217
184
190
184
184
190
184
127
190
135
184
188
137
100
122
119
100
124
148
155
155
155
155
120
130
141
135
124
140
139
140
141
138
152
132
147
155
150
155
155
140
155
155
155
155
155
142
143
144
146
112
137
155
155
155
155
155
155
155
140
155
155
155
155
155
155
155
125
148
152
138
155
155
155
155
155
155
155
188
93
99
155
155
53
155
163
193
155
155
168
174
155
155
146
155
155
155
180
174
161
152
190
155
190
156
155
155
155
155
155
190
155
155
155
155
155
200
155
155
190
124
136
147
137
152
155
131
149
146
129
130
155
155
147
155
155
136
139
155
137
155
155
155
261
261
212
220
253
253
267
106
108
124
142
138
136
125
158
142
118
120
118
120
125
115
189
217
104
155
139
155
155
172
163
200
190
108
125
112
120
112
165
106
110
108
112
112
112
112
111
205
140
155
155
155
155
130
127
155
150
150
100
122
130
136
155
150
110
175
105
110
131
102
84
123
146
130
155
165
165
155
140
119
146
187
160
184
184
198
118
117
111
130
91
158
155
130
100
180
185
105
190
148
140
172
165
181
137
181
171
199
185
200
140
181
210
165
118
111
115
116
95
142
85
150
119
130
145
149
96
109
130
115
90
110
150
112
145
135
121
105
105
110
96
125
131
113
106
105
142
135
99
121
131
175
165
130
103
138
112
146
143
158
114
103
115
125
135
248
131
108
151
115
132
135
140
122
121
103
105
108
112
116
112
65
88
118
98
135
108
138
145
96
126
110
124
111
118
115
141
114
131
131
131
130
114
136
149
149
124
139
145
80
127
100
200
109
90
75
155
127
142
65
109
143
132
145
106
137
111
133
120
155
113
130
203
200
200
146
155
175
204
160
137
117
129
148
125
127
128
125
161
120
133
114
142
206
153
139
160
177
200
165
118
119
118
118
143
146
140
141
136
103
152
162
145
170
75
87
59
107
118
133
144
140
118
65
85
112
75
103
118
135
143
140
140
95
119
120
118
118
111
68
71
93
155
130
130
110
129
120
106
78
111
115
83
101
104
107
123
105
127
100
112
143
132
125
122
112
126
160
122
105
145
109
123
108
92
112
129
100
113
120
137
122
119
110
130
114
100
88
100
109
104
109
112
137
106
111
115
126
120
121
123
113
144
163
165
154
154
155
135
134
133
116
205
216
185
235
105
112
124
139
135
134
116
141
151
145
150
145
124
161
155
155
123
126
98
108
109
108
108
142
137
143
143
154
130
131
134
145
100
118
130
103
125
109
125
106
99
126
118
128
112
120
112
99
131
144
112
142
83
104
81
106
134
100
112
116
135
121
142
146
146
168
100
108
125
110
113
121
130
130
81
116
121
112
145
140
106
118
110
126
134
155
168
174
120
109
115
112
119
114
96
112
132
144
140
112
150
150
97
114
91
81
112
112
97
97
143
142
155
155
155
155
155
118
144
155
155
134
137
145
141
205
220
162
120
150
150
176
162
186
186
186
155
200
128
120
125
125
94
155
155
155
200
155
155
155
155
140
150
145
200
212
220
125
138
150
155
155
155
174
186
191
245
143
160
180
155
125
129
122
156
163
155
174
174
174
180
186
186
150
144
144
160
144
144
155
162
217
186
217
217
217
217
217
217
217
183
185
186
171
168
202
202
202
199
205
186
202
201
152
152
152
192
199
202
199
198
202
202
201
199
202
195
196
202
202
202
199
198
201
155
162
145
149
149
127
174
182
182
186
190
205
211
205
205
213
199
211
186
162
149
155
190
221
147
118
90
112
124
108
118
165
121
133
130
152
155
132
132
134
137
140
140
137
120
112
108
225
190
170
137
143
150
140
149
90
101
129
125
155
90
81
106
112
92
98
112
131
125
117
139
130
124
135
144
106
112
96
137
62
130
140
162
175
135
170
150
156
132
180
176
135
115
137
124
127
132
154
129
127
112
137
168
175
152
175
148
121
143
150
130
162
186
190
196
190
172
186
158
152
174
170
136
147
152
170
137
108
77
149
180
174
137
145
95
99
217
140
174
180
166
168
155
176
174
170
179
181
186
188
155
143
168
150
143
164
205
155
158
158
125
158
168
157
193
177
159
147
146
168
143
177
177
117
121
129
155
220
91
150
110
78
120
123
109
155
119
125
140
116
180
140
117
119
130
133
131
126
115
115
130
156
145
160
143
149
160
160
142
142
150
207
183
204
204
204
201
207
183
205
212
183
212
240
240
240
225
203
217
217
208
207
210
206
127
121
143
155
96
146
171
155
113
118
139
125
155
143
154
155
155
155
155
155
155
155
145
188
186
155
137
146
149
155
155
155
155
155
131
131
131
100
137
135
138
155
189
193
155
134
152
155
155
155
155
155
155
186
155
149
155
174
197
196
155
199
183
197
129
129
140
110
103
125
120
95
129
129
129
96
144
149
134
142
150
149
153
121
114
111
103
101
114
131
121
81
105
112
112
160
149
152
175
157
150
155
129
122
107
111
111
120
106
140
115
144
155
155
155
107
131
102
110
92
196
196
111
134
160
89
89
93
96
106
124
130
130
140
106
103
113
107
112
110
118
116
90
80
96
90
56
155
96
112
126
137
96
98
91
114
118
118
113
215
91
103
110
142
156
155
170
124
103
110
117
116
224
232
215
217
186
225
220
233
238
205
220
99
109
127
143
146
149
112
117
128
116
121
91
120
123
118
130
127
143
124
130
130
155
128
100
137
120
146
143
116
101
81
155
140
129
127
123
145
104
140
103
185
110
108
130
126
105
135
152
100
130
175
112
130
109
126
143
158
135
115
142
115
112
113
125
128
140
163
163
121
84
90
130
110
220
124
143
137
196
157
96
99
140
171
177
171
167
177
180
161
152
161
174
174
190
179
182
191
187
205
193
196
204
205
211
188
193
196
190
193
193
193
193
201
161
179
184
188
155
174
180
190
193
196
161
198
140
140
211
155
115
143
155
227
130
251
157
174
149
159
164
175
173
166
180
205
163
165
173
162
165
165
183
177
159
165
169
188
190
110
97
118
104
104
68
79
91
75
89
98
100
101
116
105
140
138
120
137
140
123
130
116
127
155
112
137
106
93
99
109
104
137
138
134
143
145
155
145
144
112
109
107
115
115
131
137
120
146
113
117
127
121
125
119
160
130
140
106
147
124
137
158
155
147
175
186
115
111
130
160
145
106
155
101
112
121
131
147
155
93
94
103
125
117
50
68
130
125
84
103
121
110
124
126
150
126
115
126
173
186
190
191
213
220
233
236
180
189
212
140
190
190
190
219
210
225
159
199
176
205
212
233
118
84
94
90
94
96
78
154
135
91
143
106
107
111
120
144
150
155
158
94
109
120
133
133
130
141
106
96
103
130
124
68
78
72
129
159
119
116
96
124
96
109
103
115
87
124
103
150
85
99
99
119
124
124
106
111
99
112
87
94
114
111
130
124
144
160
155
240
160
167
101
201
150
155
155
157
185
148
175
125
145
175
135
180
190
195
145
215
109
102
140
130
124
117
122
127
96
99
106
106
117
119
134
152
152
145
146
109
100
121
125
101
109
120
143
126
100
175
150
98
116
139
133
155
155
114
127
130
146
168
168
118
140
155
138
135
120
111
130
117
155
90
137
147
118
112
143
129
159
135
151
155
155
113
78
140
76
128
155
132
140
145
65
104
87
104
104
117
119
132
130
138
114
118
122
134
146
149
153
134
165
202
155
155
155
174
137
149
97
130
127
130
140
125
137
86
127
115
111
140
91
116
110
131
139
147
166
148
95
95
97
128
110
116
121
127
134
142
147
113
146
127
155
112
123
116
125
142
127
146
122
117
88
98
105
116
50
68
80
106
122
222
175
180
112
124
124
137
150
155
140
149
149
149
155
140
130

