weight
1060
1575
1725
1402
910
1160
1080
1225
1204
1630
1420
1240
1360
950
1410
750
1210
1038
1028
915
1140
995
1420
1585
1585
1470
865
838
1140
1140
1410
1540
1000
1585
735
745
1524
658
1490
1355
820
1410
1020
930
1415
1155
1100
1312
1450
1530
990
1020
1160
1040
905
1012
1942
1256
700
456
500
462
510
510
595
550
670
1727
1550
988
1740
1560
1770
801
1308
1251
1465
1550
1650
1800
1780
1740
1790
1588
1695
1693
1863
1695
2025
1790
1630
1950
1950
1990
1820
1875
1680
1663
1600
1680
1700
1950
1815
1630
1630
2100
1814
2050
1590
1739
1919
1739
1990
1530
1950
1785
2000
1890
1350
1300
1380
1555
1720
1595
1520
1620
1710
1920
1935
1880
1930
1655
1315
1420
1455
1510
1705
1660
1630
1685
1790
1940
1990
1090
2000
1475
1385
776
1143
800
1105
979
664
2302
2585
2585
2450
2450
2695
2505
2388
2440
2470
2651
2280
2320
2475
2385
2350
2320
2244
2414
2414
2244
2244
2320
2165
2295
1260
1260
2195
2402
2240
2280
2395
2395
2450
1900
2425
2400
2425
2475
2475
1850
2585
2685
2585
2730
2685
2800
2245
2685
2250
2585
2320
2410
1020
1315
1380
1100
1380
1495
1450
1400
1600
1495
1026
1060
1480
1640
1359
1405
1580
1350
1385
1209
1730
1280
1320
1645
1515
1610
1615
1735
1505
1705
1610
1650
1615
1800
1730
1695
1595
1330
1645
1565
1530
1853
1750
1750
1680
1705
1427
1790
1790
1900
2000
1690
1925
2005
1470
1875
1840
1620
1860
1840
2070
1895
2048
1940
1975
1560
1297
1340
1490
1670
350
1375
1300
1020
1405
1520
1570
1625
1545
1690
1165
1460
1655
1655
1655
1660
1385
1111
1605
1590
1637
1431
1653
1795
1730
1870
1930
1940
1785
1850
2005
1850
2255
1250
1965
2090
1000
1545
1625
1660
1885
1850
1940
1700
1795
2185
2180
2230
2380
2190
2185
2304
2380
1250
1245
1385
1470
1375
1495
1660
1995
1978
1618
1418
1888
1990
1838
1473
2233
1576
1823
1629
1714
1532
1683
1665
1829
1955
1842
1337
1497
1610
1636
1500
1145
1983
1751
1858
1885
1699
1745
1880
1995
2000
1818
2240
1635
1743
1814
1844
2218
2635
2527
2740
2650
1804
1822
2270
1889
1779
1948
1653
1726
1931
665
570
530
520
490
540
560
560
572
506
2005
1180
1065
1548
1268
1825
1540
1388
1520
1350
1783
1671
1867
1751
1650
1557
1520
1702
1550
1869
1869
1761
1850
1778
1820
1786
923
1273
1349
1300
2005
1550
1500
1293
1459
1524
1415
1460
1520
1555
1529
1496
1409
1453
1598
1434
1529
1589
1598
1520
1285
1429
1475
1388
1462
1681
1431
1491
1700
1740
1842
1857
1700
1170
1541
1400
775
1600
1719
1355
1583
1538
1655
1459
2422
1690
864
2159
2159
2534
2419
2010
2145
1280
1715
1608
1820
1991
1888
1710
1915
1683
2519
1388
1424
1469
1475
1596
1246
1215
1628
1310
1905
1964
1287
1418
1310
1421
1491
1569
1486
1685
1690
1884
1769
2115
1793
595
815
795
875
1073
1062
1280
1150
840
1083
1030
1387
1240
1070
1350
1337
1070
1310
1530
1650
1595
1424
1655
1480
1948
1747
1370
1500
1120
1430
920
1400
1140
725
630
2100
935
1500
1400
890
1468
1350
1550
1240
1190
1102
1417
1501
1466
1400
1863
1941
1892
1892
1794
1937
1971
2083
1887
1612
1746
1436
1334
2123
2046
1453
1732
1932
2069
1119
1879
1388
1521
1347
1435
1722
1539
1150
1588
1365
1495
1090
1150
1175
1240
1550
1425
1725
1275
1500
1400
1800
910
705
815
470
1005
583
1105
1060
1050
939
580
985
870
500
1315
1320
1110
997
1070
1145
535
1061
995
980
1056
1205
1290
1610
727
1310
1220
1180
1860
1260
1150
1300
715
975
975
761
1165
1165
1075
982
1070
1040
1350
760
630
1320
1120
950
1365
1190
1050
845
880
690
1279
1116
1391
960
1350
1874
851
785
810
1275
1080
940
914
1165
980
2631
755
775
963
912
1143
1091
1163
800
860
1091
1378
1316
1306
1333
1398
1278
1468
1468
1317
1386
1317
1464
1208
1779
1417
1538
1385
864
1451
1055
1504
1356
1613
1609
1578
1504
1337
1506
1639
1580
1653
1390
1647
1691
1720
1039
1174
1845
2123
2177
2006
2148
1180
1422
1220
1302
1207
1205
1743
1970
1699
1800
1794
1805
1471
1756
1850
1458
2025
2580
1708
1748
1734
2552
2461
3876
960
1607
1390
1580
1405
760
1180
810
690
1268
745
800
1294
1050
1440
1040
1270
1301
1382
1625
1452
1718
1502
1541
900
1025
1214
1628
1695
1410
820
1100
1170
999
1066
1162
1418
1725
1850
1365
1270
2028
1532
1600
2014
2044
1914
950
965
1145
1310
1315
1924
1260
1260
771
1350
1070
2727
3000
3000
2100
2100
1907
1513
1586
1857
1758
1747
1791
1434
1676
1874
1754
1610
1823
2012
965
1700
1680
864
1843
1234
1884
2070
1567
1708
1665
1730
1500
1705
2208
1372
1448
1400
1170
1800
1690
1665
1745
1710
1967
1775
1755
1880
1880
1880
998
1560
1079
1680
1825
1835
1750
1837
1665
1875
1875
1048
880
1920
1800
1450
1696
1295
1422
1473
1653
1753
1735
1753
1665
1753
1717
1795
1713
890
1555
847
1000
790
810
1450
1500
1690
1740
1740
1690
1740
1640
1690
1640
1635
1500
1490
1560
1370
1480
1695
1625
1625
1530
1460
1530
1625
1625
1480
1500
1550
1597
1545
1575
1675
1675
1591
1705
1640
1575
1505
1733
1558
1532
1492
1617
1497
1617
1652
1268
1375
1570
1670
1670
2692
1260
1250
1298
1293
800
1841
1755
1778
1778
1755
1780
1755
999
1300
1370
1375
2197
1565
960
1200
650
1133
1095
1060
1040
760
1210
1430
1188
1361
1350
1291
1250
1300
1300
890
1200
930
1202
1152
795
850
770
1247
1170
980
880
1000
1400
760
965
2440
2220
2330
1800
1795
1850
2583
2012
2150
2504
2184
2162
1863
1942
1936
1685
1670
1833
1427
1770
1724
2539
1092
2572
2398
2335
2335
1841
2160
750
745
675
920
1663
1055
585
1020
755
876
806
931
756
798
506
900
1338
1300
1219
1378
1219
737
995
995
740
1350
1395
1258
1248
1277
1437
1248
933
890
1110
1080
785
916
890
1190
1020
905
387
1180
670
1587
1300
1450
950
1100
1500
1112
1400
1680
1810
1365
1875
1870
1680
1730
1887
1887
1780
1780
1500
1346
1680
1750
2205
2109
1335
1180
1450
1350
1700
1560
1860
1925
1975
1990
1323
1940
1300
1417
1333
1730
600
1035
1351
1465
1465
830
720
1350
1865
580
930
980
1120
1600
1230
1574
1978
983
675
1280
970
1035
1075
1075
985
1090
884
1024
1223
1310
1320
1260
995
1285
1280
1270
1350
1350
1306
1434
1240
1452
1498
1247
1297
1428
1240
1358
1419
1240
1468
1138
1120
1012
1062
1483
1450
1345
1309
1628
1724
1825
2475
1100
1220
1340
2065
1329
2735
2855
1040
1395
1370
1365
1555
1390
1595
1760
1780
1470
1635
1730
1785
1540
1325
1760
1840
1775
1735
1690
1785
1580
1710
1735
1840
1870
2380
2450
2550
3775
2455
1595
1735
2345
1615
1645
2345
1850
2030
1945
1885
2120
2270
2270
1785
2050
1595
1455
1395
1506
1695
1550
2110
1320
1300
1735
2105
1087
1030
840
920
1084
1116
685
1098
1220
1280
650
1295
1120
1225
1480
1385
1250
1280
1165
1270
1450
930
930
1110
1110
1725
1110
1805
1240
1350
1410
1360
1470
1410
1400
1540
1560
1450
1355
845
2300
2300
1555
1845
1185
1085
995
1525
1635
1466
1045
1155
1010
1265
810
1779
1762
1236
1338
1806
1525
675
780
940
910
1865
1790
2013
1890
2050
1092
1095
1961
1630
1900
2132
2010
2040
1660
2070
1945
1520
2722
885
1170
1300
1245
870
755
870
1050
1245
1582
1365
1098
950
980
990
1105
1430
1530
1560
1100
1760
1415
1625
1580
1350
1218
1280
1280
1250
1210
1230
1070
1070
1250
1250
915
975
1204
1530
1475
1560
1155
1320
1440
810
865
838
850
875
790
1145
1227
1185
950
1214
1163
1205
930
1075
1108
880
1450
1724
1270
1270
1120
1280
1472
1445
1656
1715
1720
1087
1558
1061
1742
1497
1714
1981
1719
1136
1212
1663
1301
1554
1825
1406
1237
1456
1588
1647
1690
1715
1725
1369
1225
1257
1551
1842
1640
1518
1541
1541
1270
585
850
1080
900
800
1080
1450
1180
1450
1370
935
760
550
1335
1355
1335
1370
1470
1455
1350
960
1450
1375
1395
1425
900
1495
1440
1465
1180
1250
1440
1440
1370
1545
1350
1395
1430
1360
1375
1420
1505
1435
1370
1220
1535
1555
1580
1140
1470
1500
1540
1585
1670
1300
1680
1090
1075
1640
1121
1050
1180
1450
1025
1320
900
1320
1300
1250
1370
1410
1345
1320
1350
1315
1380
2110
2355
2170
1300
1330
1310
1415
1345
1895
1925
2035
1970
1995
2010
1980
1730
1920
2075
600
785
775
750
840
865
1060
920
1320
1015
1060
1345
1135
1340
1770
820
970
905
625
1180
1950
1741
1101
825
880
1135
980
1059
1090
1240
1204
1065
1200
1410
1400
830
1200
1320
1565
1665
1609
1341
1050
1210
1395
1655
1698
1305
1315
1386
975
1522
1170
1240
1375
1205
1450
1297
1407
1252
955
1145
980
1055
1200
1050
990
853
1724
1295
1445
1430
930
1430
1600
812
820
943
1049
980
450
474
1640
1173
1468
1020
1080
1102
1240
1290
1185
1200
1272
1372
1300
1375
1350
1420
1150
1358
1400
1400
2355
1495
1540
850
1470
1320
1450
1500
1585
1595
1120
1295
1350
1700
1450
1300
820
700
975
750
840
900
940
1580
1588
935
1253
1360
1320
1440
1474
1270
1200
1496
1535
670
1150
1309
1360
1370
1420
1573
775
917
1105
1554
1649
570
565
590
1908
1545
1130
1355
855
950
835
1160
920
935
1025
1470
1170
1100
655
975
1030
970
975
1060
1265
1305
1490
1160
845
1043
1735
896
1050
996
1107
1043
1150
1070
1130
1060
700
1250
875
1040
864
1060
1078
1052
1187
1026
1043
1060
1163
1100
850
1100
1030
1100
738
1086
1030
1178
1445
1885
1082
1360
850
930
1055
940
1393
1165
1007
1550
1405
1390
1658
990
980
1060
980
1141
803
1030
1278
1690
990
1018
900
1575
970
1337
998
1600
1550
1040
1613
1843
1503
1825
1810
920
960
1869
1095
1082
1065
1429
1397
820
1450
1193
1415
1610
1070
1235
1316
1310
1563
850
1005
1881
1716
1915
870
1439
850
1454
1632
1090
1115
1240
774
1012
780
870
1005
1092
1184
1270
1195
1329
860
907
1140
1249
1336
1318
1351
1077
1285
1465
1508
1515
1541
1515
1155
1100
845
1440
1410
1336
1342
950
1219
870
975
1231
1385
1515
900
1062
1130
1445
1457
1505
2297
2325
725
725
955
1155
996
1145
720
984
1164
1194
1355
800
1298
970
1344
1706
1793
1590
1585
2524
2301
1995
1561
1361
1588
1650
1680
1270
1070
1162
1385
929
1070
1200
1150
1200
1393
1040
1269
1575
975
1545
1450
1429
1711
1544
1834
2343
2102

