grip
77
75
90
85
75
76
72
79
74
77
76
79
80
91
80
91
77
64
65
65
65
85
58
86
86
68
76
75
78
75
82
78
69
87
61
75
88
78
82
76
63
80
69
67
79
74
80
72
86
75
66
67
68
66
67
69
84
82
79
84
86
87
87
88
90
91
80
73
88
68
77
87
89
80
62
69
63
63
77
79
78
79
81
67
85
91
90
85
67
76
92
83
83
84
81
82
87
87
90
88
68
75
73
82
83
76
69
72
75
89
86
89
78
88
74
84
72
79
95
74
77
88
87
80
85
83
84
85
84
82
83
82
81
77
82
80
83
82
84
75
79
81
82
88
81
84
85
69
67
70
65
63
66
73
76
76
71
75
76
75
78
75
71
77
86
86
79
82
83
83
84
84
84
84
84
85
85
84
95
97
86
73
85
86
84
84
74
86
80
82
81
80
81
90
80
81
80
78
77
75
71
81
69
80
84
71
63
61
62
60
70
76
80
81
79
85
64
66
70
70
65
75
72
74
70
70
73
66
73
73
75
73
74
72
74
79
75
78
80
75
76
76
75
63
66
75
74
75
77
73
70
76
70
81
79
80
84
78
77
80
70
73
74
67
75
72
74
75
72
74
77
80
69
70
86
86
35
80
75
90
83
82
86
87
82
80
76
77
77
84
85
88
87
92
88
85
90
74
76
79
80
82
86
87
85
86
83
82
79
98
86
83
85
74
75
76
72
73
77
68
73
70
68
69
80
75
72
74
81
75
74
80
80
77
85
77
91
92
87
88
89
89
90
70
77
79
78
71
77
77
79
80
77
69
73
74
78
69
88
87
66
79
74
78
77
82
83
87
86
64
75
66
68
69
80
80
65
65
65
68
68
69
68
78
76
78
83
75
80
77
75
86
88
90
70
77
84
85
91
90
68
75
77
62
77
65
52
70
77
76
85
85
82
84
62
63
71
87
79
86
86
90
70
76
76
57
66
79
85
81
74
60
60
55
86
61
80
84
85
89
61
88
86
88
89
87
69
85
91
72
77
78
78
66
66
57
59
77
65
68
65
59
62
75
74
78
74
86
58
62
77
78
78
74
70
75
76
76
78
64
59
70
62
80
78
70
71
79
78
72
51
74
74
76
75
79
55
63
78
73
67
88
60
65
70
68
68
70
71
67
73
60
60
61
65
68
61
45
55
70
60
77
69
85
84
74
78
85
68
70
69
67
79
71
75
69
70
67
75
77
68
72
70
66
72
58
76
61
89
66
62
49
72
79
65
57
69
70
71
70
65
76
75
69
86
86
72
73
74
75
82
82
79
78
84
77
69
74
84
67
84
82
83
85
68
80
83
84
78
62
70
76
82
75
72
72
72
78
55
75
69
78
89
78
78
80
94
95
82
78
89
88
83
84
81
88
92
94
93
82
74
75
76
77
79
80
79
79
85
82
68
69
68
63
78
89
69
60
61
50
72
80
75
59
65
73
72
62
62
86
76
83
85
78
62
69
75
80
76
75
64
77
88
70
78
77
74
45
50
72
79
70
67
72
68
65
74
78
66
66
66
73
78
69
79
73
74
74
77
74
72
60
74
73
84
70
65
71
60
68
68
69
73
82
83
71
65
72
76
69
73
62
69
72
74
75
76
80
68
72
73
79
79
70
77
77
84
85
85
84
85
83
79
82
74
64
89
93
80
87
70
70
78
79
80
71
71
80
75
78
79
83
71
84
82
84
73
80
70
72
73
73
72
81
69
78
81
83
67
69
76
75
59
71
76
60
75
64
72
62
70
78
76
78
75
62
75
90
91
93
95
92
97
94
61
74
80
70
81
77
68
66
72
73
67
74
74
75
76
78
80
81
86
77
66
70
70
72
75
76
75
68
70
73
71
80
82
70
71
70
74
75
77
84
86
72
66
69
68
69
70
64
69
72
74
74
65
80
81
65
66
68
55
60
60
65
65
77
76
77
80
79
75
78
78
79
83
79
78
79
79
70
90
90
74
73
62
77
80
81
84
82
85
82
86
76
61
63
69
59
80
79
80
90
80
79
75
75
65
69
66
85
87
89
66
72
66
75
76
77
79
80
88
96
72
88
88
79
63
63
63
79
83
79
81
81
83
83
82
84
73
74
91
93
92
93
88
89
89
90
91
91
87
95
90
94
92
91
95
92
93
67
66
89
89
88
90
89
90
89
91
93
80
80
75
78
79
82
84
84
85
83
83
83
82
69
70
70
86
88
90
88
86
88
86
87
90
90
85
89
88
92
90
89
87
87
68
69
74
70
70
58
70
70
71
73
77
86
87
86
87
88
85
89
92
73
71
71
86
92
80
69
59
63
77
75
78
67
66
69
78
87
88
81
81
83
83
87
81
88
58
60
75
95
92
88
85
80
83
72
79
60
72
63
63
68
68
60
64
66
70
70
70
72
68
69
68
65
69
70
71
71
73
61
69
70
71
75
76
72
78
45
92
90
87
91
78
77
75
81
78
79
80
89
85
87
71
79
83
85
83
85
83
76
83
83
77
86
88
90
89
90
87
89
88
89
90
88
87
88
89
92
84
69
70
74
78
81
67
66
62
63
88
73
73
83
79
79
79
80
68
67
82
83
84
86
69
75
70
70
73
76
91
72
66
67
66
73
79
78
81
80
77
69
67
78
75
82
77
75
76
75
84
95
79
85
65
69
72
72
74
80
74
73
73
81
92
85
79
80
79
80
83
79
70
77
78
84
77
85
79
80
85
85
82
84
86
89
95
88
88
90
90
90
96
93
92
97
92
87
90
95
91
89
87
88
86
95
96
97
55
61
73
75
60
60
70
65
64
70
70
68
85
74
77
80
82
84
82
79
80
80
64
65
64
71
85
86
76
76
76
77
77
78
81
79
82
86
89
86
88
97
86
70
75
73
75
77
71
78
75
64
74
72
74
63
69
67
69
65
71
72
80
79
55
82
85
78
69
70
67
68
80
75
75
60
78
77
74
71
77
79
80
70
78
78
73
75
77
83
76
70
72
81
85
87
86
86
87
87
87
88
76
76
76
75
75
77
76
80
83
82
83
75
79
75
76
75
80
71
86
87
78
83
86
75
70
74
75
75
75
76
75
77
73
74
75
73
74
76
76
77
68
66
71
69
65
74
76
75
76
81
71
72
73
76
78
77
77
90
72
72
74
81
81
82
83
76
76
76
77
78
92
94
93
91
88
91
90
95
96
88
88
68
58
70
72
65
69
69
59
70
70
69
70
85
65
68
67
68
77
77
63
74
75
75
81
86
88
69
77
80
89
82
89
83
85
92
90
90
76
79
87
79
81
86
74
60
62
74
77
89
75
72
87
67
65
78
100
99
74
69
79
87
65
66
89
88
89
75
84
83
83
84
68
66
65
57
68
55
66
61
68
72
73
70
75
76
79
62
76
75
82
78
78
73
75
78
80
70
70
83
70
76
73
76
66
70
78
79
74
60
60
65
72
90
74
75
75
83
79
62
67
75
85
85
85
82
85
87
82
80
82
84
83
88
89
86
89
86
95
91
87
89
91
93
86
89
92
88
90
92
93
91
92
84
85
86
87
81
83
85
86
88
90
83
90
73
75
94
79
85
76
76
91
80
95
81
83
81
82
84
85
85
84
86
92
81
80
82
83
84
85
87
85
83
83
83
85
86
63
58
58
59
62
56
65
68
65
66
66
66
68
68
67
73
75
69
71
67
75
76
72
73
76
82
78
68
72
68
69
70
71
86
68
68
69
69
70
69
66
73
65
68
69
71
72
75
74
70
71
68
67
66
85
84
68
71
68
70
71
81
84
85
85
88
85
80
82
92
84
74
88
87
87
89
97
80
75
72
69
84
69
70
72
69
70
70
73
71
91
90
76
79
77
78
75
82
77
68
73
86
87
81
85
84
86
90
91
80
86
87
74
83
85
85
87
89
90
79
89
80
87
85
96
70
60
63
60
62
63
59
84
84
86
86
85
80
82
87
87
80
81
74
78
72
68
79
77
77
77
78
85
81
85
85
65
68
69
73
74
75
75
70
72
73
78
78
60
65
65
76
85
75
77
75
76
75
74
75
80
73
77
74
90
71
75
75
75
80
79
74
75
75
76
72
73
73
73
73
74
77
79
78
88
77
75
72
87
77
75
78
76
80
79
83
74
75
77
76
77
89
78
77
85
73
68
70
70
70
62
63
65
61
69
65
71
80
80
80
73
65
61
66
82
68
74
82
71
86
80
60
83
73
71
78
78
82
81
68
68
81
65
77
86
66
75
83
85
80
76
77
85
80
79
68
75
86
73
65
69
70
70
72
70
74
80
84
85
78
71
55
75
54
74
79
75
76
78
58
70
68
69
69
70
72
73
77
76
71
73
73
76
79
79
80
75
86
84
81
82
80
85
75
93
65
73
75
75
76
74
74
65
78
73
72
77
66
68
69
72
73
74
76
75
65
66
69
72
71
71
73
74
75
76
77
70
79
74
81
69
70
71
72
70
71
73
73
74
59
60
64
72
50
51
55
72
77
87
86
86
63
67
60
71
73
67
63
73
90
81
81
74
65
88
79
50
73
70
69
86
83
77
82
76
79
80
79
84
85
82
80
77
78
78
78
70

