RQ
35
37
94
61
32
38
32
36
27
39
31
36
43
65
46
90
43
12
18
20
17
69
13
70
70
22
32
20
56
26
64
42
40
74
26
36
80
40
53
31
10
45
13
13
44
21
51
36
83
27
10
10
20
19
10
13
93
41
52
52
80
80
81
83
84
90
73
50
79
19
52
69
80
59
23
39
24
25
47
58
56
56
60
24
67
86
83
68
21
39
88
61
61
64
63
65
73
74
81
73
36
45
45
58
60
53
30
34
50
81
75
81
58
80
39
65
37
58
93
40
49
94
85
67
85
75
76
78
86
70
84
76
64
58
66
63
74
67
73
47
63
68
87
93
82
86
73
15
14
15
16
12
14
39
54
54
38
47
50
77
85
83
28
58
88
80
71
68
69
72
85
84
84
85
84
79
85
78
92
93
85
41
82
88
79
83
43
95
68
86
75
75
78
90
57
63
57
54
59
49
19
63
34
58
77
33
15
16
19
15
26
43
52
54
56
70
23
33
36
49
18
42
38
30
39
39
46
38
48
58
39
52
64
53
44
68
54
57
57
42
43
56
42
15
35
54
50
58
67
53
52
67
31
55
54
62
84
51
50
59
29
42
49
22
76
46
78
74
49
70
45
52
32
37
78
78
11
57
44
78
65
68
69
72
69
65
41
53
55
70
70
76
66
82
74
72
80
46
50
60
68
71
92
92
70
77
64
75
79
95
86
81
69
34
62
67
58
69
77
51
66
59
53
56
82
72
61
74
83
28
39
48
33
47
58
58
100
99
86
91
97
97
98
20
52
49
39
35
31
31
44
47
39
27
27
17
26
28
80
83
13
78
48
63
51
67
67
83
82
17
42
15
24
29
68
40
30
37
51
57
50
34
17
86
43
61
70
42
56
66
33
72
75
85
31
54
56
68
83
82
24
56
26
17
33
31
22
22
44
35
65
67
59
62
33
26
42
73
50
73
69
86
22
38
45
35
15
52
58
39
64
70
78
14
71
34
40
60
58
75
31
75
68
79
84
78
37
65
90
46
25
20
21
27
20
42
13
45
31
27
32
28
44
21
35
39
15
65
36
18
48
36
31
25
47
45
17
32
47
48
20
54
55
34
29
45
46
65
59
33
22
28
59
47
43
51
17
17
27
31
25
90
28
26
32
24
21
20
24
20
17
12
13
13
17
20
15
10
11
22
13
36
17
49
79
21
34
45
25
20
25
24
35
22
35
27
28
22
24
36
33
35
45
28
69
14
34
14
81
14
11
14
64
32
25
11
19
33
28
32
12
31
18
30
58
60
37
35
34
43
61
59
54
46
54
36
24
42
53
21
52
86
75
77
34
58
67
78
58
31
28
34
45
46
37
21
27
57
14
31
56
44
83
52
36
60
86
90
60
58
76
76
65
65
62
75
90
93
92
59
30
42
42
52
26
23
32
34
51
46
33
38
51
11
75
73
49
12
13
12
22
38
39
17
16
16
27
11
12
63
40
44
65
49
13
10
35
45
37
36
10
32
74
39
49
29
20
30
20
17
44
30
28
42
17
12
23
33
19
31
33
19
32
17
31
18
49
26
32
21
22
31
28
21
65
17
25
18
13
22
49
20
39
62
55
28
19
37
30
16
69
12
17
18
18
24
24
44
17
21
21
35
28
21
28
19
48
59
62
52
54
48
37
37
46
21
84
91
66
87
17
39
26
39
39
28
26
38
42
49
52
54
26
69
65
68
30
34
24
39
27
42
45
64
43
45
60
54
24
25
53
47
16
47
67
11
36
33
26
19
63
72
64
70
66
47
60
89
90
92
94
91
96
93
13
49
41
35
44
17
30
13
29
28
19
21
25
38
27
41
45
47
57
27
37
46
44
44
29
34
29
13
22
39
19
41
40
16
21
17
31
31
63
55
65
32
15
26
44
47
61
14
19
36
36
35
45
45
48
16
27
18
24
40
40
50
50
64
59
68
60
60
64
69
22
42
66
69
62
55
67
29
96
98
48
41
34
72
86
55
75
72
84
65
89
76
16
23
26
14
56
64
62
90
59
63
59
63
32
35
29
73
77
85
25
34
32
41
52
52
71
73
85
96
37
48
76
46
17
16
21
42
69
48
65
59
68
64
67
71
42
56
92
95
93
94
86
90
87
90
91
91
95
97
95
96
95
74
83
76
79
32
31
94
93
93
96
95
96
95
97
98
65
66
51
52
54
70
82
83
76
74
72
80
76
32
34
33
82
80
92
78
74
89
86
87
92
92
80
89
94
97
96
85
82
92
36
37
38
32
32
48
46
40
50
53
70
85
89
86
88
91
83
91
97
34
31
32
96
98
61
17
10
19
29
21
23
43
20
30
41
81
83
54
48
57
59
89
58
84
12
10
22
95
87
83
47
45
65
30
45
13
17
35
33
68
43
22
29
38
49
54
49
55
39
39
46
43
66
49
47
58
65
36
57
53
60
75
80
60
80
22
76
75
58
87
61
27
30
40
41
39
49
76
50
49
14
43
60
66
55
65
54
29
54
61
35
66
77
83
83
82
73
80
73
72
86
80
62
56
72
83
41
14
15
42
66
55
20
27
10
10
84
37
41
58
51
50
40
67
39
37
58
60
64
68
29
38
38
28
62
74
85
33
26
30
22
59
54
45
71
63
45
43
23
50
39
56
57
24
34
30
63
95
21
62
32
19
26
29
23
63
32
27
51
29
77
42
35
31
34
37
36
31
20
28
27
49
34
51
37
45
51
51
39
40
44
89
90
87
87
91
90
90
91
93
94
92
92
86
89
93
89
88
79
81
77
96
97
96
17
19
36
41
36
21
67
55
18
20
33
25
79
45
59
70
69
68
74
67
68
69
57
59
65
74
76
80
79
63
64
67
68
57
60
57
64
80
84
82
82
90
78
33
57
66
62
70
38
72
39
29
48
56
50
54
51
48
55
21
54
52
65
42
20
41
78
23
17
32
22
17
35
39
35
14
44
45
34
62
47
47
51
25
38
47
19
20
27
41
25
20
41
57
63
79
75
66
87
76
69
79
30
27
19
45
45
49
54
40
49
46
54
19
44
24
27
20
49
17
89
92
39
52
88
22
16
16
16
19
56
60
52
61
43
18
27
42
38
55
54
54
26
30
25
31
24
65
20
21
30
38
15
16
16
28
26
48
36
83
21
23
25
61
60
62
73
39
38
46
47
48
89
94
92
91
77
88
86
96
97
83
84
16
13
17
17
13
18
24
13
22
38
33
39
70
18
26
25
26
24
28
12
25
30
24
57
89
92
28
32
40
89
42
67
50
41
97
66
90
72
33
65
34
55
78
29
10
16
29
45
93
28
29
73
21
16
48
99
97
81
26
78
89
14
17
91
93
90
49
47
45
53
73
38
36
31
29
43
13
39
20
46
17
26
41
39
24
35
36
13
35
63
28
37
27
44
47
59
39
25
51
21
29
19
63
24
34
55
51
37
11
12
26
20
90
32
38
30
86
44
13
14
38
62
72
62
56
63
67
53
59
62
69
58
74
76
65
76
69
92
82
75
81
87
94
67
74
85
73
76
87
88
81
83
62
72
78
87
57
65
82
81
87
91
60
94
39
47
100
45
63
42
41
93
87
96
45
64
42
48
58
69
67
62
73
86
80
76
89
50
58
60
72
69
81
83
89
87
91
58
36
32
42
43
11
13
13
13
13
13
15
15
21
15
31
37
20
36
29
30
41
28
47
41
64
42
29
24
15
15
19
15
55
15
14
18
17
31
36
19
34
35
25
19
23
19
37
34
16
27
17
16
49
49
67
18
37
14
18
24
42
45
46
50
48
52
40
45
73
48
28
59
51
55
79
92
40
30
27
37
74
16
17
26
16
29
26
27
18
100
98
19
33
25
27
26
44
31
22
31
60
75
64
72
79
87
88
91
80
74
91
56
70
71
77
95
88
98
48
81
55
93
88
96
20
14
15
18
18
22
19
75
74
72
72
81
66
68
79
80
67
75
75
41
50
29
43
44
44
45
47
70
64
69
71
28
23
31
44
45
44
49
23
23
31
47
44
15
13
15
55
74
44
42
18
24
18
26
46
38
40
54
16
99
16
18
17
31
49
38
45
43
36
45
16
39
48
16
25
27
47
60
56
86
57
56
13
78
51
52
53
56
68
51
67
23
39
63
35
62
78
65
35
81
16
15
31
46
28
12
13
14
13
18
17
30
47
56
37
33
15
15
22
38
17
23
45
20
74
56
29
52
20
23
43
59
66
63
32
21
51
20
32
58
22
18
48
35
61
30
24
80
31
31
23
32
51
27
13
25
38
20
18
32
43
48
57
73
73
42
11
43
11
34
71
26
29
42
20
18
14
16
16
21
23
36
36
42
22
26
22
36
44
47
50
29
63
80
67
74
60
84
36
98
14
35
29
30
37
34
34
12
41
23
18
46
15
21
15
26
33
39
72
48
15
15
14
29
20
22
25
29
33
39
44
21
40
28
48
15
22
45
49
57
49
66
24
22
11
13
15
27
10
10
12
19
28
83
77
87
13
18
18
18
24
25
27
49
65
44
39
35
15
78
44
23
41
34
18
80
65
56
68
70
44
65
38
75
76
57
59
70
75
63
72
51

